0
0
0
0
0
0
0
0.0542
0.59655
0.10845
0.27115
0
0
0
0.2169
0.59655
0.10845
0.10845
0
0.16265
0.27115
0
0.10845
0
0.48805
0.27115
0.27115
0.0542
0.0542
0.9219
0.2169
0.10845
0.3796
1.1931
0.27115
1.13885
0.16265
1.13885
0.27115
0.2169
0.705
0.10845
0.43385
0.10845
0.65075
0.5423
0.16265
0.27115
0.65075
0.705
0.43385
0.32535
1.2473
2.7658
1.30155
0.59655
1.95235
0.5423
0.3796
0.8677
0.48805
1.62695
1.13885
0.97615
1.2473
1.0846
1.62695
2.16925
1.5727
4.01315
2.0608
1.3558
0.705
1.2473
1.95235
3.85045
1.0304
0.65075
1.46425
4.1216
1.30155
2.9285
1.68115
1.68115
1.95235
3.4166
4.2301
0.7592
2.8743
1.1931
0.5423
1.1931
1.1931
0.8677
1.13885
1.41
0.5423
1.78965
1.0846
3.36235
1.84385
2.11505
2.6031
0.8677
1.68115
1.2473
0.97615
0.705
2.16925
3.03695
0.5423
0.65075
1.68115
0.65075
2.2235
1.46425
2.0608
1.0846
1.95235
1.78965
3.36235
4.0674
1.5727
2.2235
2.2777
4.0674
1.78965
1.0304
1.46425
0.81345
1.46425
0.8677
2.49465
1.41
0.27115
1.51845
1.1931
2.00655
3.9047
2.2235
1.5727
2.82005
1.5727
1.62695
1.5727
3.63355
1.84385
4.447
1.78965
2.0608
2.82005
2.4404
2.11505
1.13885
0.97615
0.65075
0.2169
0.81345
0.8677
0.10845
1.51845
2.2777
2.65735
1.68115
1.8981
3.36235
1.78965
1.3558
3.5793
1.30155
2.7116
3.742
1.30155
1.2473
3.03695
2.5489
1.30155
1.2473
0.8677
1.3558
1.0846
1.2473
0.48805
4.17585
1.5727
0.81345
1.13885
1.5727
1.2473
1.5727
1.1931
0.705
0.43385
3.742
3.19965
1.8981
2.9285
0.9219
1.0846
0.7592
0.8677
1.7354
0.65075
1.1931
0.65075
1.1931
0.9219
1.78965
0.10845
0.0542
0.0000
