0
0
0
0.11725
0.11725
0.9968
0.70365
0.5277
1.17275
1.52455
1.70045
1.4073
1.81775
0.87955
0.3518
1.23135
1.4659
1.1141
0.87955
2.6973
1.23135
0.8209
1.81775
0.8209
2.3455
1.29
1.29
2.8732
1.1141
0.4691
0.5277
3.4596
1.17275
1.17275
2.5214
2.11095
0.9382
1.81775
3.7528
3.69415
3.3423
1.81775
3.6355
2.8732
2.0523
0.9382
0.87955
2.58005
4.7496
3.1664
2.75595
1.7591
3.51825
0.9382
1.5832
2.11095
1.05545
0.645
0.76225
1.1141
1.17275
0.645
2.28685
1.52455
1.99365
1.70045
1.8764
0.76225
1.7591
0.9382
5.10145
1.99365
1.34865
1.23135
0.8209
1.29
1.05545
1.17275
0.76225
4.33915
1.99365
3.10775
1.64185
1.64185
1.17275
2.4041
1.70045
0.70365
1.4073
2.11095
0.76225
1.17275
1.23135
0.0586
1.17275
2.46275
1.5832
2.16955
2.6973
0.76225
4.04595
4.7496
3.2837
1.81775
1.64185
1.935
1.4073
1.70045
1.34865
1.4659
1.99365
1.05545
0.9382
1.17275
0.58635
0.4691
0.70365
0.70365
0.9968
1.1141
1.4659
2.11095
3.8114
1.05545
0.87955
2.58005
3.7528
1.52455
0.9968
0.645
1.4659
2.5214
0.4691
0.41045
0.9382
1.81775
0.9968
1.99365
1.1141
0.8209
1.5832
0.9382
0.9968
0.8209
3.10775
0.58635
1.8764
0.5277
0.8209
0.58635
0.58635
0.4691
1.8764
0.8209
0.76225
0.29315
1.05545
0.5277
0.11725
0.41045
0.23455
0.3518
0.76225
1.7591
1.99365
1.935
1.4073
2.11095
0.8209
2.8146
0.9968
0.76225
1.17275
0.58635
0.8209
0.0586
0.0586
0.23455
0.23455
0.9968
0.4691
0.3518
0.23455
0.1759
0.11725
0.11725
0.11725
0.11725
0.70365
0.0586
0.0586
0.23455
0.23455
0
0.1759
0.0586
0.11725
0.0586
0.58635
0.11725
0.29315
0.0586
0.11725
0
0.11725
0.3518
0.1759
0.11725
0
1.17275
0.58635
0.1759
0.0586
0.0586
0
0.1759
0
0
0
0
0.0586
0
1.4073
1.935
0.1759
0.0586
0
0
0.11725
0
