0
0
0
0
0
0
0
0.0544
0
0
0
0
0
0
0
0
0
0.0544
0
0.0544
0
0.1088
0
0
0.1632
0
0
0.1632
0.1088
0.0544
0
0
0.1632
0.3264
0.1088
0.0544
0.54405
0.3808
0.9793
0.0544
0.3808
0.48965
0.9249
1.36015
0.272
0
0.1632
0.54405
1.0881
0.1632
0.65285
0.48965
0.1088
0
0.3808
0.2176
0.43525
0.65285
0.70725
0.1632
0.1088
0.0544
0.272
0.272
0.59845
0.48965
0.48965
0.54405
0.48965
1.9042
0.43525
1.41455
0.9249
1.36015
0.59845
0.65285
0.54405
0.3808
0.3264
0.8705
0.65285
0.8705
0.3264
0.1632
1.25135
0.8161
0.2176
0.65285
1.3206
1.52335
0.43525
0.1632
0.3808
0.43525
0.272
0.43525
0.9249
1.52335
3.75405
1.6322
0.9793
0.8161
4.0261
0.9793
0.8161
1.6322
0.43525
0.9793
1.95865
2.01305
0.9249
1.36015
2.72035
1.30575
0.3808
1.8498
1.41455
0.8705
0.3808
0.9793
0.65285
0.3808
0.8705
0.9249
0.3264
0.70725
0.3808
0.2176
0.3808
0.70725
0.8705
0.272
0.8705
0.76165
0.8161
1.6322
0.272
0.9793
2.17625
1.0337
4.1893
1.9042
0.76165
2.3395
1.46895
0.70725
2.06745
4.46135
1.9042
1.46895
3.59085
7.39935
2.23065
1.30575
2.6659
0.70725
2.17625
0.76165
2.93795
2.06745
2.6115
6.5288
0.59845
1.0881
0.3264
0.76165
0.65285
1.30575
0.54405
1.5778
1.7954
0.2176
0.0544
1.41455
0.48965
1.41455
2.82915
1.741
1.52335
2.01305
1.9042
1.0881
0.9793
1.741
1.25135
2.4483
2.3939
0.9793
1.46895
1.5778
1.6322
1.9042
3.1556
0.8161
2.6659
1.46895
1.0337
1.30575
0.70725
0.9249
0.54405
0.70725
1.36015
2.93795
1.30575
1.8498
1.52335
1.46895
1.0337
1.52335
1.19695
0.59845
0.8161
1.30575
1.41455
0.2176
1.0881
1.19695
1.36015
0.3808
0.59845
1.25135
0.48965
0.43525
0.8161
1.8498
1.7954
1.6866
0.1632
1.41455
2.12185
0.9249
2.6115
1.25135
0.76165
1.7954
2.17625
2.4483
0.70725
3.1556
0.48965
0.8161
0.8705
0.3808
0.43525
1.5778
0.8705
1.0881
0.59845
0.8161
0.43525
3.75405
1.46895
2.5571
0.8705
0.8161
1.19695
1.19695
1.0337
0.65285
1.41455
1.8498
0.65285
0.3264
0.54405
0.70725
0.3264
0.3808
0.48965
0.8161
0.272
0.0544
0
0.1088
0
0
0
0
0
