354	12473	12119
15414	15982	568
44185	45852	1667
53109	54960	1851
56501	58064	1563
58769	60763	1994
66767	68439	1672
68507	68868	361
69328	71233	1905
72742	74035	1293
74445	77063	2618
77616	78765	1149
80430	81555	1125
82694	84166	1472
92492	94038	1546
94943	103650	8707
105395	105779	384
117996	120562	2566
121091	121178	87
135369	136669	1300
137277	140094	2817
140177	144791	4614
145405	152101	6696
153536	159793	6257
160820	161228	408
163477	165636	2159
170737	172368	1631
185605	192577	6972
200806	203322	2516
204322	206932	2610
207028	212740	5712
213464	215535	2071
217433	219981	2548
221701	223597	1896
226232	227739	1507
228151	228650	499
228798	232904	4106
242160	243387	1227
252752	253922	1170
255520	259617	4097
259687	261897	2210
262078	262956	878
263109	267050	3941
278427	280017	1590
291143	304929	13786
306534	309937	3403
310730	313399	2669
330334	332087	1753
358970	359662	692
367078	368937	1859
403661	404366	705
410900	415030	4130
422005	425471	3466
438592	459026	20434
460697	461377	680
463732	467560	3828
467685	469014	1329
470371	471377	1006
472155	473969	1814
474898	480346	5448
480522	483707	3185
486249	486661	412
499699	500332	633
515673	516330	657
538604	539904	1300
544311	545121	810
545180	557600	12420
559376	574778	15402
576131	598919	22788
600238	600775	537
603219	606024	2805
606842	610444	3602
637166	641747	4581
642040	643498	1458
643702	647154	3452
655633	656235	602
656571	657019	448
678535	695701	17166
701727	704255	2528
722139	723009	870
732344	735803	3459
736274	771298	35024
771800	773000	1200
773655	773818	163
774477	778404	3927
779228	780974	1746
782721	787073	4352
791167	794207	3040
807987	809626	1639
810220	811842	1622
812222	836753	24531
841346	847196	5850
870929	871670	741
878903	879460	557
903501	912794	9293
934400	934900	500
953809	955661	1852
962779	964711	1932
985334	986623	1289
1020726	1020885	159
1043473	1045250	1777
1045379	1047270	1891
1047354	1049087	1733
1049861	1051264	1403
1053011	1057931	4920
1061814	1063037	1223
1065736	1066457	721
1076635	1077854	1219
1078875	1081125	2250
1081166	1082403	1237
1084058	1088414	4356
1094803	1095229	426
1101400	1103557	2157
1125867	1126908	1041
1179439	1180469	1030
1180814	1182470	1656
1182734	1184086	1352
1184595	1194028	9433
1194203	1194528	325
1195262	1197466	2204
1197517	1198119	602
1198314	1200356	2042
1200744	1202182	1438
1202502	1203697	1195
1212439	1213386	947
1213950	1214022	72
1223365	1224918	1553
1226316	1229857	3541
1232905	1238128	5223
1251091	1252979	1888
1284285	1290475	6190
1291352	1292823	1471
1295185	1296358	1173
1296648	1298476	1828
1298532	1300322	1790
1304112	1309628	5516
1311265	1315211	3946
1315227	1328424	13197
1348021	1348842	821
1365232	1373497	8265
1373837	1376890	3053
1378545	1380038	1493
1385600	1385760	160
1389699	1390537	838
1390587	1393157	2570
1393224	1394337	1113
1394643	1396213	1570
1396830	1404911	8081
1405023	1414102	9079
1415323	1417181	1858
1417485	1421078	3593
1421923	1422062	139
1422082	1422231	149
1422248	1422380	132
1422419	1422553	134
1423318	1423461	143
1423737	1423879	142
1424145	1424288	143
1424360	1424499	139
1427155	1428907	1752
1428958	1432265	3307
1433521	1435042	1521
1439080	1441661	2581
1447841	1449847	2006
1450900	1450976	76
1451089	1451163	74
1453574	1457755	4181
1457914	1459043	1129
1460348	1461346	998
1461623	1462574	951
1464377	1474460	10083
1474787	1478351	3564
1478362	1480583	2221
1485199	1486292	1093
1490861	1495056	4195
1495435	1505652	10217
1505776	1511156	5380
1516613	1519008	2395
1538697	1542527	3830
1549769	1551043	1274
1560420	1562077	1657
1562470	1563735	1265
1563900	1568198	4298
1568232	1572584	4352
1579040	1580496	1456
1605037	1607030	1993
1613059	1615106	2047
1615215	1617291	2076
1619030	1620039	1009
1620427	1625716	5289
1628050	1638980	10930
1644516	1647162	2646
1647748	1650254	2506
1650337	1652298	1961
1661200	1661900	700
1666892	1672290	5398
1672942	1673899	957
1674675	1675410	735
1679054	1680004	950
1682307	1683636	1329
1683805	1688127	4322
1688587	1785277	96690
1786016	1786709	693
1791528	1792133	605
1795705	1796320	615
1797877	1800967	3090
1801899	1802539	640
1814949	1816063	1114
1820513	1821539	1026
1826148	1834301	8153
1836295	1837654	1359
1851548	1852960	1412
1853489	1854343	854
1878750	1879250	500
1880432	1883258	2826
1902526	1904005	1479
1914521	1926609	12088
1927680	1930585	2905
1935364	1936756	1392
1937393	1938024	631
1948314	1950127	1813
1952199	1952598	399
1952951	1953677	726
1975838	1982957	7119
1993205	1996031	2826
1999271	2000693	1422
2001458	2007800	6342
2010177	2011351	1174
2013037	2021125	8088
2024533	2033400	8867
2035095	2039215	4120
2041554	2043921	2367
2044040	2047503	3463
2053234	2054550	1316
2060430	2062903	2473
2074716	2077405	2689
2080897	2082324	1427
2085933	2087827	1894
2089698	2093117	3419
2093313	2094479	1166
2104253	2108217	3964
2110184	2110922	738
2113455	2115546	2091
2117459	2119211	1752
2124850	2126460	1610
2127526	2129375	1849
2130969	2132088	1119
2132741	2135018	2277
2135718	2136612	894
2137494	2153030	15536
2155970	2157531	1561
2161084	2162918	1834
2165817	2167146	1329
2167690	2168595	905
2168724	2169521	797
2170722	2171633	911
2171833	2173241	1408
2174965	2176234	1269
2176618	2187336	10718
2187394	2194010	6616
2201081	2201220	139
2203519	2203955	436
2206189	2208326	2137
2208636	2214026	5390
2214884	2231617	16733
2234700	2235300	600
2275666	2282398	6732
2282810	2284544	1734
2294159	2296738	2579
2304033	2320747	16714
2321761	2321833	72
2353230	2354396	1166
2374758	2375705	947
2384337	2386073	1736
2406506	2407993	1487
2422347	2423744	1397
2426964	2427923	959
2431719	2434636	2917
2452652	2453622	970
2453926	2455043	1117
2455873	2456906	1033
2467984	2470156	2172
2481752	2483504	1752
2485130	2485822	692
2487149	2504312	17163
2510173	2510855	682
2512450	2513761	1311
2515324	2515961	637
2516609	2517480	871
2518454	2519239	785
2520870	2521993	1123
2525282	2525886	604
2527690	2528599	909
2529806	2530625	819
2533522	2567785	34263
2568857	2569858	1001
2572814	2573685	871
2578586	2579916	1330
2581564	2585188	3624
2588315	2590983	2668
2591207	2592431	1224
2602055	2602173	118
2603839	2604674	835
2617558	2628150	10592
2635228	2635304	76
2644988	2645060	72
2645616	2645688	72
2645855	2646153	298
2646790	2646862	72
2647511	2647583	72
2648220	2648518	298
2648685	2648757	72
2648842	2675703	26861
2690046	2691966	1920
2703400	2711000	7600
2718640	2719184	544
2720900	2721850	950
2729164	2730404	1240
2863600	2865400	1800
2878057	2880263	2206
2880308	2884393	4085
2885037	2886246	1209
2886489	2887641	1152
2889908	2892858	2950
2897346	2900174	2828
2903626	2906109	2483
2908947	2911805	2858
2912321	2914561	2240
2918069	2919429	1360
2939244	2943454	4210
2951993	2953749	1756
2953809	2954789	980
2955586	2955657	71
2956669	2956740	71
2957282	2958417	1135
2961928	2967694	5766
2969451	2970017	566
2971602	2976690	5088
2977089	2979941	2852
2979960	2980902	942
2988600	3009424	20824
3009823	3012395	2572
3012716	3026663	13947
3026692	3029172	2480
3033095	3034137	1042
3040061	3042805	2744
3043401	3045427	2026
3050136	3066860	16724
3067482	3069728	2246
3069954	3072691	2737
3072812	3073862	1050
3073873	3075460	1587
3076447	3077679	1232
3089162	3090014	852
3091787	3096531	4744
3097314	3098231	917
3110952	3111317	365
3111684	3113351	1667
3130314	3130676	362
3138060	3138580	520
3141161	3142929	1768
3151319	3152181	862
3152203	3152805	602
3157222	3157724	502
3170791	3172076	1285
3172452	3173558	1106
3174571	3175274	703
3187090	3187845	755
3189029	3189495	466
3189976	3190395	419
3190882	3191349	467
3191661	3195027	3366
3213166	3214041	875
3217135	3218002	867
3232591	3235106	2515
3244720	3245854	1134
3245990	3246420	430
3246487	3248779	2292
3265482	3267698	2216
3277019	3277091	72
3277174	3277265	91
3277782	3277854	72
3293662	3294384	722
3297782	3297854	72
3298629	3298944	315
3300275	3300718	443
3301625	3301697	72
3318683	3318993	310
3326673	3328098	1425
3335065	3341392	6327
3344542	3345178	636
3345285	3349475	4190
3352091	3353790	1699
3354586	3355963	1377
3356475	3358454	1979
3359218	3362112	2894
3362409	3364337	1928
3364694	3367353	2659
3367532	3370952	3420
3371455	3374846	3391
3377730	3378020	290
3452604	3453012	408
3483969	3520596	36627
3545771	3546846	1075
3548139	3550437	2298
3564687	3565285	598
3565900	3566500	600
3573635	3575801	2166
3583844	3585399	1555
3585508	3589295	3787
3596582	3597478	896
3606606	3609168	2562
3609565	3611841	2276
3611892	3613645	1753
3614004	3615909	1905
3616355	3619205	2850
3619791	3622321	2530
3622800	3624493	1693
3624986	3628515	3529
3628553	3630154	1601
3630387	3635736	5349
3637536	3638731	1195
3640083	3681114	41031
3681304	3712455	31151
3717053	3726869	9816
3735320	3737501	2181
3737739	3739012	1273
3739573	3742272	2699
3742321	3746021	3700
3747674	3747795	121
3750045	3793130	43085
3800131	3804150	4019
3805310	3806044	734
3807539	3821574	14035
3826270	3827031	761
3831646	3833832	2186
3833971	3835019	1048
3836629	3838923	2294
3854175	3855268	1093
3857861	3858731	870
3859023	3862374	3351
3863972	3865348	1376
3874889	3875178	289
3875395	3875781	386
3901353	3901448	95
3912974	3915248	2274
3915479	3916007	528
3919846	3930805	10959
3938421	3939725	1304
3948447	3950995	2548
3951012	3952079	1067
3952327	3955557	3230
3965255	3965328	73
3965673	3965745	72
3965945	3966017	72
3966198	3966270	72
3966449	3966521	72
3966692	3966764	72
3973090	4007166	34076
4023042	4023433	391
4027202	4027716	514
4029917	4030552	635
4043679	4045456	1777
4045868	4047910	2042
4053730	4055170	1440
4062354	4066237	3883
4066469	4069514	3045
4069777	4073776	3999
4074160	4076046	1886
4086428	4087620	1192
4087842	4090173	2331
4090692	4093646	2954
4093665	4095618	1953
4103774	4104996	1222
4112891	4113420	529
4113598	4114335	737
4115117	4116300	1183
4116962	4117756	794
4118057	4119331	1274
4119565	4126700	7135
4128408	4129745	1337
4129912	4130996	1084
4134153	4134207	54
4134603	4136500	1897
4136925	4137859	934
4137910	4138819	909
4140506	4142265	1759
4147469	4148776	1307
4150038	4150758	720
4165666	4166765	1099
4167383	4169238	1855
4169391	4170032	641
4170122	4173187	3065
4173301	4175018	1717
4175537	4178539	3002
4185680	4188276	2596
4188548	4189616	1068
4245544	4246319	775
4335799	4337080	1281
4337456	4338744	1288
4343590	4347100	3510
4347380	4349242	1862
4349666	4352389	2723
4354145	4354599	454
4371407	4371771	364
4372632	4373107	475
4378330	4379690	1360
4385262	4387486	2224
4387639	4388315	676
4388550	4389520	970
4389827	4394970	5143
4403927	4455718	51791
4460042	4461600	1558
4468055	4468147	92
4468423	4468515	92
4468792	4471372	2580
4471894	4476518	4624
4479524	4480488	964
4480697	4486483	5786
4486625	4489621	2996
4489837	4493494	3657
4493838	4493930	92
4494334	4494427	93
4494803	4494896	93
4499831	4500918	1087
4501005	4502335	1330
4502637	4503955	1318
4504676	4505756	1080
4510515	4510898	383
4516702	4523544	6842
4538655	4540985	2330
4544920	4547042	2122
4547093	4548773	1680
4548896	4551079	2183
4551201	4552452	1251
4554089	4555415	1326
4555512	4557420	1908
4557813	4561559	3746
4561601	4573397	11796
4579786	4581638	1852
4595116	4596872	1756
4596968	4598413	1445
4599157	4599532	375
4604101	4605645	1544
4605835	4606511	676
4620406	4622688	2282
4629193	4631524	2331
4632044	4633303	1259
4645340	4646820	1480
4647730	4648560	830
4648571	4649899	1328
4687602	4687674	72
4688655	4688727	72
4760848	4764117	3269
4768676	4770742	2066
4775968	4788759	12791
4808454	4810037	1583
4816367	4818671	2304
4818975	4820934	1959
4823419	4824400	981
4831035	4831948	913
4832178	4833752	1574
4834043	4835996	1953
4836004	4840631	4627
4840694	4841063	369
4842495	4845744	3249
4847779	4849740	1961
4864482	4868071	3589
4869905	4873699	3794
4874367	4877953	3586
4888854	4890800	1946
4890905	4892025	1120
5003239	5004820	1581
5053855	5055999	2144
5063805	5066376	2571
5066479	5071591	5112
5072371	5077153	4782
5077565	5079236	1671
5079267	5080405	1138
5082411	5083438	1027
5083449	5084223	774
5084686	5086122	1436
5086360	5088312	1952
5088376	5089864	1488
5090749	5092626	1877
5092741	5095946	3205
5147492	5148083	591
5154945	5156053	1108
5156607	5157607	1000
5157786	5160436	2650
5160892	5163181	2289
5163945	5165714	1769
5179990	5180064	74
5181035	5181109	74
5181217	5184911	3694
5189027	5190560	1533
5193325	5220268	26943
5223912	5225273	1361
5225292	5225775	483
5225959	5226948	989
5228286	5229991	1705
5233416	5233891	475
5234105	5236004	1899
5236051	5238015	1964
5238270	5242986	4716
5243662	5281222	37560
5281239	5282268	1029
5282537	5286374	3837
5309100	5309800	700
5320523	5322445	1922
5322823	5328303	5480
5331575	5336046	4471
5336283	5338789	2506
5340544	5341630	1086
5343246	5343321	75
5353960	5358733	4773
5373826	5377528	3702
5379418	5381130	1712
5383434	5385247	1813
5385482	5387255	1773
5387305	5389395	2090
5389646	5391814	2168
5394796	5395936	1140
5396136	5397345	1209
5397633	5399933	2300
5400206	5403455	3249
5403764	5406947	3183
5408237	5408944	707
5415190	5416724	1534
5417031	5450795	33764
5450879	5452652	1773
5453043	5454398	1355
5454413	5456573	2160
5457757	5458798	1041
5459081	5463333	4252
5470700	5471876	1176
5478381	5478950	569
5501245	5503500	2255
5503649	5505380	1731
5507137	5509986	2849
5510191	5511198	1007
5513124	5518516	5392
5520108	5531139	11031
5531718	5536759	5041
5539329	5539487	158
5540345	5551337	10992
5551742	5556401	4659
5556943	5558972	2029
5559734	5565701	5967
5566621	5568566	1945
5569239	5570384	1145
5571889	5573466	1577
5576810	5580408	3598
5582213	5585035	2822
5585344	5586930	1586
5587027	5588872	1845
5593556	5595749	2193
5596254	5597264	1010
5597517	5600141	2624
5600843	5603665	2822
5604120	5604259	139
5605786	5608776	2990
5609129	5610092	963
5614574	5616943	2369
5617205	5618820	1615
5619017	5623476	4459
5623491	5626748	3257
5627002	5629183	2181
5629208	5635090	5882
5638469	5639661	1192
5639883	5640880	997
5641650	5642701	1051
5643150	5644117	967
5644636	5645599	963
5646236	5646913	677
5648721	5649545	824
5649977	5650586	609
5651803	5693842	42039
5702720	5704220	1500
5808538	5811782	3244
5821266	5822511	1245
5825493	5826998	1505
5848567	5850872	2305
5870318	5871264	946
5872974	5874519	1545
5879054	5880070	1016
5881078	5881805	727
5887408	5888036	628
5888346	5889049	703
5889729	5890367	638
5892492	5893289	797
5893627	5894294	667
5896839	5899483	2644
5899543	5901095	1552
5909103	5916247	7144
5916848	5916939	91
5925744	5925843	99
5926658	5926756	98
5927142	5935843	8701
5937959	5945803	7844
5946121	5947122	1001
5947495	5948042	547
5948087	5951386	3299
5951851	5965494	13643
5968792	5969205	413
5976875	5977419	544
5984866	5987053	2187
5987186	5996209	9023
5996878	6015325	18447
6029597	6038729	9132
6049162	6050447	1285
6050631	6051309	678
6051412	6076999	25587
6077240	6080990	3750
6081071	6087571	6500
6087845	6089621	1776
6103776	6103857	81
6133528	6137335	3807
6137761	6157075	19314
6157303	6158417	1114
6158837	6163987	5150
6164064	6166594	2530
6166671	6167390	719
6174483	6175732	1249
6175904	6187334	11430
6187482	6203790	16308
6211216	6213107	1891
6213980	6226474	12494
6226754	6228688	1934
6228689	6233007	4318
6233859	6233949	90
6234024	6234091	67
6234340	6238591	4251
6239940	6241768	1828
6260511	6262426	1915
6286750	6287800	1050
6288109	6290700	2591
6314044	6315938	1894
6338727	6338855	128
6465001	6471495	6494
6501282	6502973	1691
6503459	6506647	3188
6508354	6510146	1792
6512665	6521992	9327
6522369	6524698	2329
6529094	6530797	1703
6530892	6532585	1693
6533120	6534062	942
6534209	6535086	877
6535310	6536970	1660
6540520	6541623	1103
6560999	6561679	680
6563314	6576950	13636
6579053	6581356	2303
6582395	6584002	1607
6585793	6586754	961
6592344	6593526	1182
6599061	6603096	4035
6605291	6606547	1256
6606687	6607989	1302
6608285	6609814	1529
6610105	6612187	2082
6612203	6613948	1745
6614246	6616872	2626
6618626	6619365	739
6619780	6629637	9857
6637303	6640769	3466
6641010	6643212	2202
6652801	6674752	21951
6675547	6677510	1963
6679096	6680173	1077
6680223	6682134	1911
6682529	6683788	1259
6683924	6685535	1611
6686253	6688710	2457
6689077	6694364	5287
6694430	6696277	1847
6696628	6698103	1475
6698760	6701304	2544
6702556	6703505	949
6703926	6705041	1115
6705294	6707910	2616
6708155	6710723	2568
6713067	6715310	2243
6715490	6719253	3763
6722201	6722903	702
6723707	6724303	596
6776006	6777519	1513
6795389	6796000	611
6798103	6875897	77794
6910250	6911210	960
6914142	6915078	936
6926902	6927406	504
6940393	6941428	1035
6952319	6954050	1731
6962899	6965464	2565
6970068	6970957	889
6976748	6979571	2823
6980348	6982235	1887
6982820	6985466	2646
6986929	6989220	2291
6990145	6991796	1651
6991899	6993703	1804
6994225	6995968	1743
6996539	6998386	1847
6999163	7001130	1967
7001251	7003632	2381
7021814	7023007	1193
7023314	7034355	11041
7034609	7035571	962
7035969	7037004	1035
7038030	7040261	2231
7040750	7042009	1259
7043620	7045786	2166
7045990	7047361	1371
7048563	7048646	83
7049293	7049512	219
7050030	7050122	92
7051242	7052403	1161
7053880	7056322	2442
7056339	7057601	1262
7058151	7060735	2584
7060862	7061799	937
7062008	7063346	1338
7065763	7066713	950
7066905	7067842	937
7067930	7069721	1791
7070024	7072584	2560
7073353	7081845	8492
7095137	7131330	36193
7136398	7136904	506
7172016	7178853	6837
7233640	7234478	838
7234514	7235597	1083
7236570	7236719	149
7238244	7241864	3620
7241940	7244390	2450
7244607	7245017	410
7245098	7247415	2317
7247814	7255691	7877
7256462	7257304	842
7259210	7261425	2215
7261572	7263245	1673
7267914	7268028	114
7278571	7286274	7703
7312510	7312949	439
7325706	7331673	5967
7361217	7361995	778
7379867	7380591	724
7383498	7385599	2101
7385618	7392776	7158
7401623	7404467	2844
7404548	7407198	2650
7407298	7411027	3729
7411076	7415868	4792
7416108	7445628	29520
7449061	7450670	1609
7450773	7452360	1587
7452611	7454174	1563
7454481	7458928	4447
7462899	7464275	1376
7476693	7481413	4720
7481871	7499696	17825
7500642	7503838	3196
7504108	7505412	1304
7506694	7510064	3370
7510394	7513855	3461
7514103	7515773	1670
7516108	7517521	1413
7519132	7520033	901
7522231	7524049	1818
7526336	7528442	2106
7529752	7530638	886
7537440	7538093	653
7547456	7558201	10745
7562532	7567505	4973
7567612	7569749	2137
7569951	7575751	5800
7576055	7576638	583
7576653	7590179	13526
7590760	7604850	14090
7606363	7606830	467
7606853	7612736	5883
7615015	7622670	7655
7622966	7638929	15963
7640928	7645061	4133
7645081	7646021	940
7646103	7648215	2112
7648424	7695182	46758
7705424	7708256	2832
7709660	7712890	3230
7718028	7719019	991
7723304	7724141	837
7756984	7759365	2381
7775402	7779760	4358
7779885	7782266	2381
7786605	7788527	1922
7790396	7793413	3017
7793430	7797408	3978
7797416	7798618	1202
7798812	7800632	1820
7800878	7802919	2041
7803362	7803900	538
7804296	7806112	1816
7806426	7808344	1918
7808820	7810263	1443
7810584	7819037	8453
7825000	7829238	4238
7833198	7836156	2958
7840665	7842753	2088
7842878	7844272	1394
7853792	7857479	3687
7858864	7861247	2383
7866250	7869175	2925
7873975	7874935	960
7886792	7888666	1874
7894097	7916334	22237
7920598	7937142	16544
7947305	7953923	6618
7957078	7957149	71
7964555	7984317	19762
7988609	7991908	3299
8018425	8020733	2308
8021016	8021296	280
8023663	8025195	1532
8032297	8032368	71
8033881	8036082	2201
8040223	8041381	1158
8045603	8047186	1583
8049713	8050741	1028
8051046	8051971	925
8055135	8056147	1012
8057367	8058451	1084
8058516	8060406	1890
8060702	8062626	1924
8062860	8064988	2128
8065399	8066249	850
8070711	8071075	364
8079909	8082314	2405
8086691	8086952	261
8094506	8095945	1439
8096612	8097022	410
8098848	8099243	395
8137075	8138841	1766
8148285	8148356	71
8149243	8150932	1689
8153069	8153725	656
8155042	8155945	903
8161646	8164997	3351
8167396	8168095	699
8174709	8176366	1657
8176537	8177801	1264
8177865	8181987	4122
8188638	8188711	73
8189389	8190402	1013
8190498	8191457	959
8191885	8193286	1401
8193539	8194990	1451
8197693	8198426	733
8198790	8199535	745
8199822	8200546	724
8201455	8202294	839
8202850	8203629	779
8204222	8204977	755
8205730	8206537	807
8206591	8208413	1822
8209058	8211346	2288
8212910	8214516	1606
8216405	8221702	5297
8221729	8224651	2922
8224733	8227561	2828
8229062	8231750	2688
8232254	8233829	1575
8234038	8237490	3452
8239110	8239168	58
8246958	8248151	1193
8248490	8249328	838
8249343	8251639	2296
8253517	8255004	1487
8255282	8256957	1675
8258255	8259544	1289
8259820	8261365	1545
8263539	8264861	1322
8265322	8273338	8016
8273375	8274768	1393
8278186	8278918	732
8284143	8286016	1873
8286136	8288140	2004
8288284	8291020	2736
8291175	8293498	2323
8301058	8303989	2931
8328232	8330578	2346
8331515	8333861	2346
8334798	8337183	2385
8351910	8354798	2888
8377237	8377336	99
8444598	8445150	552
8449484	8453551	4067
8453753	8456217	2464
8456369	8458747	2378
8459081	8460374	1293
8460639	8462005	1366
8462262	8463698	1436
8464203	8465755	1552
8465885	8468204	2319
8473780	8478632	4852
8480299	8486582	6283
8487100	8487860	760
8488553	8499681	11128
8501732	8501982	250
8502209	8504774	2565
8505001	8507097	2096
8507908	8515089	7181
8515595	8517190	1595
8519951	8520564	613
8523044	8530597	7553
8531245	8538021	6776
8538825	8548164	9339
8553481	8554181	700
8565364	8567139	1775
8567680	8569402	1722
8592900	8593190	290
8593349	8594079	730
8636867	8642751	5884
8666282	8674141	7859
8674812	8675307	495
8676102	8676390	288
8681266	8684968	3702
8717678	8718880	1202
8719694	8720251	557
8735842	8737014	1172
8756456	8757049	593
8787467	8788971	1504
8789513	8791645	2132
8791660	8793434	1774
8793497	8803193	9696
8803722	8806257	2535
8806514	8811210	4696
8813098	8814233	1135
8817171	8818923	1752
8819117	8820869	1752
8822598	8823448	850
8835617	8836808	1191
8837371	8851997	14626
8852005	8856381	4376
8856635	8857320	685
8858250	8863742	5492
8867772	8869808	2036
8869879	8870251	372
8870481	8873110	2629
8873453	8875016	1563
8875120	8877175	2055
8877967	8882447	4480
8883477	8903846	20369
8911200	8911698	498
8911946	8912483	537
8914964	8915803	839
8958151	8981409	23258
9007026	9007876	850
9011248	9012218	970
9014241	9015290	1049
9017321	9018231	910
9034476	9040187	5711
9045366	9046300	934
9048673	9085239	36566
9086078	9087949	1871
9088455	9089783	1328
9094859	9097733	2874
9105443	9110249	4806
9110668	9112251	1583
9113377	9114535	1158
9116351	9117568	1217
9117774	9118920	1146
9120470	9124010	3540
9124490	9128056	3566
9129148	9129578	430
9138577	9138910	333
9144713	9144992	279
9154792	9159888	5096
9164052	9170828	6776
9179395	9181135	1740
9190660	9195000	4340
9195962	9197626	1664
9202625	9203117	492
9206998	9207531	533
9207828	9211005	3177
9211370	9214431	3061
9214781	9220919	6138
9222416	9222862	446
9224248	9227584	3336
9228281	9228773	492
9229145	9230592	1447
9230831	9232720	1889
9235265	9241008	5743
9246001	9248862	2861
9251705	9254097	2392
9254589	9260706	6117
9264309	9264931	622
9268792	9269798	1006
9289941	9290033	92
9303987	9304502	515
9348673	9349257	584
9354319	9355078	759
9369688	9371122	1434
9400547	9401201	654
9413719	9414447	728
9417354	9418379	1025
9432800	9434968	2168
9437305	9438155	850
9441639	9442214	575
9443472	9444281	809
9456595	9457101	506
9457664	9460583	2919
9460584	9472026	11442
9472726	9480249	7523
9480278	9482116	1838
9482568	9486253	3685
9487033	9492613	5580
9492768	9500264	7496
9502271	9505152	2881
9509643	9519627	9984
9528806	9531124	2318
9532479	9534851	2372
9534881	9535661	780
9535739	9537557	1818
9538191	9539926	1735
9543176	9543898	722
9591478	9592825	1347
9593271	9596454	3183
9597217	9605039	7822
9605346	9606517	1171
9606686	9607804	1118
9608010	9611398	3388
9611528	9612305	777
9623675	9623747	72
9623920	9623992	72
9638831	9640370	1539
9641001	9641500	499
9641953	9642849	896
9653690	9654149	459
9659219	9663713	4494
9663962	9665656	1694
9680321	9681176	855
9693067	9702894	9827
9727575	9730342	2767
9767960	9769182	1222
9770376	9771534	1158
9774142	9775464	1322
9775946	9776860	914
9784511	9786196	1685
9786434	9789896	3462
9797455	9800397	2942
9854950	9857205	2255
9860740	9862120	1380
9870247	9870328	81
9882667	9913700	31033
9915239	9918147	2908
9918226	9922557	4331
9923015	9923802	787
9925554	9928844	3290
9930210	9934043	3833
9935167	9936545	1378
9936873	9937888	1015
9938173	9944172	5999
9944984	9948142	3158
9949885	9951270	1385
9951513	9955833	4320
9956402	9957794	1392
9974230	9977662	3432
9977933	9978372	439
9978607	9979551	944
9979712	9980163	451
9980450	9983153	2703
9983282	9986000	2718
9988431	9989347	916
9991101	10040532	49431
10041181	10043604	2423
10043858	10045927	2069
10046282	10047306	1024
10047796	10049877	2081
10050820	10052484	1664
10053819	10054867	1048
10062256	10070399	8143
10070526	10071193	667
10081830	10082652	822
10085930	10086935	1005
10089080	10112625	23545
10113951	10114387	436
10114793	10127998	13205
10130177	10134311	4134
10134811	10135900	1089
10136084	10140134	4050
10140576	10141438	862
10145913	10152411	6498
10152669	10153457	788
10184078	10187508	3430
10197397	10197468	71
10201121	10203066	1945
10206385	10207421	1036
10222121	10222223	102
10247473	10248271	798
10322100	10334709	12609
10334771	10337434	2663
10338361	10339359	998
10342764	10343209	445
10346771	10348786	2015
10384888	10385776	888
10386657	10387243	586
10388062	10388567	505
10390045	10390527	482
10392154	10393151	997
10393333	10394569	1236
10394825	10395366	541
10396194	10401609	5415
10402053	10402333	280
10402939	10433801	30862
10435364	10444709	9345
10444752	10451425	6673
10451477	10452336	859
10456200	10467498	11298
10468394	10481438	13044
10483169	10484950	1781
10486898	10488919	2021
10489172	10490544	1372
10490629	10523014	32385
10523411	10549983	26572
10550482	10557231	6749
10558136	10567041	8905
10571623	10576968	5345
10577470	10580182	2712
10622027	10624196	2169
10624708	10626885	2177
10670765	10672459	1694
10708220	10711968	3748
10712178	10713461	1283
10714726	10715927	1201
10715953	10718109	2156
10718114	10719676	1562
10721425	10724094	2669
10725328	10725999	671
10726154	10727285	1131
10728052	10729783	1731
10744350	10748805	4455
10748925	10749483	558
10830003	10830664	661
10840492	10841756	1264
10863088	10863871	783
10864060	10865534	1474
10880652	10902928	22276
10904252	10905007	755
10905042	10921353	16311
10956476	10956581	105
10962870	10964729	1859
10965680	10967437	1757
10967565	10973253	5688
10996347	11007232	10885
11018019	11018079	60
11028791	11032169	3378
11032425	11034484	2059
11036999	11039380	2381
11040484	11044596	4112
11047973	11048902	929
11049100	11051051	1951
11051298	11053286	1988
11053327	11055130	1803
11055387	11056238	851
11056558	11057225	667
11057934	11067958	10024
11068409	11072336	3927
11072885	11074859	1974
11075816	11083487	7671
11085586	11089180	3594
11089274	11090975	1701
11092406	11094260	1854
11096154	11100963	4809
11103703	11104390	687
11116031	11116521	490
11135915	11140919	5004
11143925	11145791	1866
11146100	11146413	313
11146478	11151001	4523
11151047	11153991	2944
11154451	11156130	1679
11157306	11158855	1549
11166389	11168940	2551
11169375	11171898	2523
11171927	11173734	1807
11176067	11176717	650
11179442	11182646	3204
11184203	11187379	3176
11189508	11193387	3879
11193538	11195667	2129
11197679	11199959	2280
11207129	11208673	1544
11228320	11232792	4472
11234145	11242999	8854
11243130	11243197	67
11243264	11243338	74
11243466	11243567	101
11246830	11260460	13630
11265691	11267899	2208
11267968	11301915	33947
11307628	11308626	998
11308880	11310421	1541
11310452	11311281	829
11311772	11319032	7260
11320324	11321342	1018
11333662	11334608	946
11334618	11335639	1021
11355794	11357195	1401
11357859	11363014	5155
11363435	11368136	4701
11368470	11373458	4988
11374350	11378555	4205
11461190	11462211	1021
11462890	11463903	1013
11493700	11494398	698
11518808	11519916	1108
11520963	11522864	1901
11522996	11523596	600
11524003	11524228	225
11530398	11534156	3758
11541227	11542307	1080
11557468	11558416	948
11570376	11572133	1757
11588837	11589286	449
11591968	11593160	1192
11600476	11601058	582
11605527	11606814	1287
11612425	11614061	1636
11615195	11618301	3106
11618410	11619209	799
11619504	11627824	8320
11627997	11629375	1378
11637370	11637630	260
11651469	11656043	4574
11658430	11659154	724
11659184	11660147	963
11660370	11661743	1373
11662009	11662076	67
11663868	11665237	1369
11672256	11674158	1902
11679590	11683192	3602
11685918	11687200	1282
11714916	11721800	6884
11722648	11730243	7595
11731962	11732472	510
11734120	11736089	1969
11736094	11743729	7635
11751351	11753299	1948
11758422	11759456	1034
11759569	11760662	1093
11775923	11776810	887
11787889	11789589	1700
11790400	11791073	673
11793856	11798635	4779
11799020	11809173	10153
11811903	11819387	7484
11830043	11833795	3752
11834827	11844855	10028
11851801	11867518	15717
11870469	11871852	1383
11874753	11875143	390
11875392	11876415	1023
11886311	11893316	7005
11904702	11906714	2012
11909600	11912944	3344
11924950	11931392	6442
11941883	11971006	29123
11971028	11972577	1549
11975091	11977034	1943
11994070	11994876	806
11997713	12006197	8484
12011878	12012619	741
12012721	12023306	10585
12023722	12028805	5083
12029916	12030972	1056
12034395	12034776	381
12035147	12035555	408
12039210	12039509	299
12040000	12040679	679
12049117	12049576	459
12051373	12086051	34678
12087077	12089837	2760
12089993	12092613	2620
12094051	12098137	4086
12098174	12130490	32316
12131480	12134422	2942
12147125	12147197	72
12147412	12147484	72
12147560	12147911	351
12149137	12150850	1713
12151214	12153053	1839
12153571	12155344	1773
12164665	12167710	3045
12171547	12174948	3401
12176508	12182737	6229
12183866	12185830	1964
12186051	12194028	7977
12194577	12196255	1678
12197300	12198500	1200
12200156	12229412	29256
12232363	12232829	466
12250709	12250782	73
12254026	12254698	672
12257662	12257735	73
12258720	12260462	1742
12261767	12262319	552
12262602	12267383	4781
12267565	12268729	1164
12270729	12279543	8814
12280214	12281519	1305
12281774	12283955	2181
12284002	12295385	11383
12295821	12297128	1307
12298323	12301199	2876
12302832	12306792	3960
12307583	12308174	591
12308416	12309945	1529
12310288	12321144	10856
12323539	12324681	1142
12324780	12326772	1992
12328492	12397085	68593
12397237	12398880	1643
12398901	12399474	573
12400265	12409385	9120
12422795	12430583	7788
12434942	12437047	2105
12439120	12440113	993
12441031	12442876	1845
12444488	12444604	116
12446500	12448424	1924
12448457	12450439	1982
12450960	12465493	14533
12465927	12468834	2907
12470794	12472726	1932
12473327	12475700	2373
12475703	12476879	1176
12476939	12478041	1102
12478168	12481384	3216
12482345	12560148	77803
12576463	12577056	593
12589406	12590514	1108
12591129	12592078	949
12609219	12610394	1175
12614033	12615743	1710
12626322	12626925	603
12627021	12627599	578
12632936	12655771	22835
12681997	12682064	67
12718132	12723583	5451
12752932	12797958	45026
12800926	12801419	493
12801607	12803517	1910
12804161	12807880	3719
12809232	12813454	4222
12816056	12817600	1544
12818738	12820254	1516
12820264	12821793	1529
12825106	12828077	2971
12828597	12832930	4333
12833991	12838255	4264
12844502	12846842	2340
12854415	12856423	2008
12857524	12859237	1713
12859310	12861767	2457
12862116	12865925	3809
12866404	12867617	1213
12867618	12868858	1240
12869286	12874143	4857
12879729	12896130	16401
12896245	12898397	2152
12898454	12899517	1063
12899664	12905667	6003
12905966	12910503	4537
12911235	12913710	2475
12946187	12946530	343
12947299	12947809	510
12950199	12950508	309
12951810	12952660	850
12952848	12953923	1075
12953934	12954842	908
12955061	12956148	1087
12956933	12957920	987
12958384	12959441	1057
12959919	12961005	1086
12961833	12962917	1084
12963615	12964587	972
12964721	12966890	2169
12966930	12968126	1196
12970197	12975134	4937
12975389	12976177	788
12976309	12977352	1043
12978717	13027852	49135
13042838	13048796	5958
13079303	13079851	548
13091000	13091543	543
13096012	13096749	737
13109517	13110233	716
13110370	13111143	773
13111964	13112960	996
13113510	13114540	1030
13145726	13191841	46115
13196993	13197479	486
13207851	13208489	638
13217316	13218742	1426
13218994	13220362	1368
13228994	13229440	446
13230209	13230831	622
13231770	13232233	463
13232400	13233256	856
13233598	13235182	1584
13235341	13236562	1221
13236830	13238402	1572
13238799	13239361	562
13239623	13240329	706
13241461	13242227	766
13243189	13243764	575
13244481	13245016	535
13246360	13246711	351
13247412	13247924	512
13259713	13260152	439
13264690	13266450	1760
13272364	13274580	2216
13281612	13282498	886
13299657	13331389	31732
13343932	13344806	874
13358047	13360309	2262
13362654	13365685	3031
13366143	13370870	4727
13370944	13372253	1309
13384652	13394819	10167
13420108	13420779	671
13421084	13421834	750
13422258	13422639	381
13431828	13434263	2435
13435081	13436255	1174
13436578	13437233	655
13438609	13439126	517
13439431	13440655	1224
13443483	13443555	72
13443832	13443903	71
13444003	13444521	518
13444822	13445410	588
13445460	13445532	72
13445683	13445754	71
13445866	13445938	72
13446921	13447834	913
13448268	13448340	72
13450287	13450360	73
13450528	13450601	73
13450990	13451808	818
13452849	13454734	1885
13454808	13454880	72
13456764	13456836	72
13457401	13457472	71
13464500	13465349	849
13471029	13471101	72
13471332	13471403	71
13472090	13472162	72
13472405	13472477	72
13477900	13479200	1300
13482867	13482939	72
13484103	13484175	72
13493299	13493547	248
13493909	13493981	72
13494866	13496617	1751
13499454	13508237	8783
13509462	13510637	1175
13511411	13512793	1382
13513540	13544072	30532
13545176	13548677	3501
13550146	13550766	620
13551499	13558929	7430
13559320	13560103	783
13562333	13573192	10859
13575851	13588910	13059
13593994	13620212	26218
13620797	13622039	1242
13622098	13624026	1928
13624599	13627015	2416
13628947	13630971	2024
13631401	13632807	1406
13633129	13634944	1815
13635123	13636848	1725
13637263	13698229	60966
13732167	13733173	1006
13737098	13737767	669
13745554	13844614	99060
13845097	13846883	1786
13847322	13849411	2089
13849429	13851100	1671
13870938	13878706	7768
13906770	13908305	1535
13934359	13934430	71
13934715	13934786	71
13977842	13979362	1520
13983415	13984019	604
13984423	13985193	770
13987114	13990119	3005
13990383	13991161	778
13991164	13992995	1831
14004997	14009201	4204
14013527	14014429	902
14016966	14017689	723
14018216	14025317	7101
14034501	14035004	503
14041864	14043736	1872
14046248	14047195	947
14047244	14049404	2160
14050624	14051804	1180
14052118	14054440	2322
14065142	14067881	2739
14068253	14076272	8019
14077220	14078456	1236
14078565	14081209	2644
14081252	14083399	2147
14093511	14096894	3383
14096911	14100168	3257
14103903	14105244	1341
14108700	14109250	550
14112342	14114499	2157
14114588	14124601	10013
14124951	14125766	815
14125917	14127450	1533
14127892	14128571	679
14129001	14140129	11128
14141797	14154664	12867
14156654	14186450	29796
14186705	14186915	210
14189966	14191884	1918
14192360	14193635	1275
14193649	14198460	4811
14198650	14199051	401
14200258	14202219	1961
14203846	14206900	3054
14207302	14210794	3492
14212563	14215527	2964
14222717	14226061	3344
14226095	14228438	2343
14228748	14230448	1700
14230662	14231724	1062
14235802	14237353	1551
14239995	14371308	131313
14385591	14387075	1484
14389986	14390895	909
14398813	14415181	16368
14424413	14425819	1406
14442476	14443233	757
14454189	14454260	71
14454873	14467179	12306
14475843	14485031	9188
14486843	14489274	2431
14489460	14491029	1569
14491083	14493455	2372
14497401	14497816	415
14500348	14503261	2913
14503540	14506043	2503
14506326	14512461	6135
14513278	14518441	5163
14519015	14519433	418
14520974	14521504	530
14531223	14544638	13415
14547689	14548312	623
14551121	14552156	1035
14553295	14554190	895
14558403	14558756	353
14558828	14569316	10488
14569785	14571763	1978
14572092	14576082	3990
14576158	14584595	8437
14584958	14620891	35933
14625002	14674946	49944
14676662	14676961	299
14677027	14677520	493
14701250	14702926	1676
14723843	14725064	1221
14725145	14726741	1596
14727385	14727986	601
14728060	14728655	595
14730655	14731377	722
14732331	14736477	4146
14736775	14738644	1869
14740690	14752711	12021
14752718	14754381	1663
14775918	14802279	26361
14803995	14804531	536
14806717	14808471	1754
14808686	14809372	686
14809747	14848158	38411
14848180	14849752	1572
14849814	14850575	761
14853090	14853737	647
14855690	14856993	1303
14857225	14858131	906
14859260	14870415	11155
14870604	14919992	49388
14920116	14920627	511
14920722	14921993	1271
14922683	14957651	34968
14958370	14960426	2056
14960880	14962858	1978
14964776	14973632	8856
14974844	14975279	435
14986981	14988022	1041
14989933	14996298	6365
15002722	15003708	986
15003807	15006260	2453
15006381	15026818	20437
15041156	15052373	11217
15052625	15053902	1277
15053939	15054998	1059
15056486	15071852	15366
15072774	15073858	1084
15082499	15085854	3355
15104497	15105450	953
15114079	15115018	939
15122968	15123417	449
15128453	15151939	23486
15152676	15152890	214
15155458	15156558	1100
15179773	15180606	833
15199479	15200511	1032
15200765	15201745	980
15201917	15202947	1030
15211639	15213281	1642
15213583	15215588	2005
15215992	15217854	1862
15219082	15220910	1828
15223152	15224289	1137
15229177	15232016	2839
15234897	15236987	2090
15249501	15250921	1420
15287601	15288788	1187
15315292	15316837	1545
15411918	15411985	67
15423224	15424677	1453
15426357	15428351	1994
15429097	15432197	3100
15432976	15435044	2068
15435947	15438159	2212
15439103	15441506	2403
15441746	15458440	16694
15460671	15461601	930
15468740	15470108	1368
15470748	15472628	1880
15472652	15474132	1480
15474209	15476308	2099
15478091	15483588	5497
15485470	15489394	3924
15490729	15496549	5820
15497999	15498071	72
15540908	15541649	741
15569511	15570199	688
15597104	15598947	1843
15601181	15603002	1821
15604472	15606449	1977
15606968	15608867	1899
15609244	15611241	1997
15615844	15615916	72
15616694	15616766	72
15628412	15628485	73
15666567	15667762	1195
15679630	15687013	7383
15688239	15690115	1876
15691139	15701400	10261
15701696	15703236	1540
15703459	15705031	1572
15705441	15711752	6311
15711977	15713928	1951
15729387	15730590	1203
15733403	15733813	410
15734125	15736040	1915
15740118	15741134	1016
15741590	15743561	1971
15744229	15746306	2077
15746319	15747387	1068
15747466	15751093	3627
15752044	15754366	2322
15757521	15760842	3321
15774165	15774629	464
15798620	15805291	6671
15834669	15837434	2765
15837498	15839226	1728
15839594	15843970	4376
15843991	15847060	3069
15847426	15852204	4778
15852209	15853762	1553
15855282	15857031	1749
15859603	15861778	2175
15868479	15874438	5959
15883470	15885013	1543
15906782	15908172	1390
15932658	15933685	1027
15940560	15942861	2301
15946782	15947999	1217
15964870	15965643	773
15995157	16000594	5437
16033923	16035513	1590
16078492	16129664	51172
16129677	16130676	999
16131938	16133259	1321
16135066	16149918	14852
16149996	16153725	3729
16154187	16156637	2450
16164695	16169624	4929
16184561	16186003	1442
16186030	16186356	326
16232337	16233593	1256
16233987	16234965	978
16310858	16311250	392
16311500	16312401	901
16325714	16327737	2023
16328824	16329468	644
16330510	16331908	1398
16333114	16338190	5076
16359743	16360426	683
16360684	16361023	339
16361045	16378033	16988
16378357	16380131	1774
16385430	16386002	572
16388208	16389789	1581
16400628	16400765	137
16400967	16402732	1765
16402775	16403853	1078
16403944	16405572	1628
16406405	16407244	839
16407492	16411555	4063
16411851	16414078	2227
16416746	16418393	1647
16430471	16430554	83
16436973	16442623	5650
16443605	16446991	3386
16447660	16454637	6977
16454694	16460454	5760
16474317	16478172	3855
16478289	16485626	7337
16495293	16498543	3250
16502802	16503580	778
16503905	16504801	896
16514740	16540299	25559
16557353	16558429	1076
16560470	16561045	575
16561645	16561734	89
16563047	16564822	1775
16568522	16569591	1069
16569956	16571060	1104
16573906	16574796	890
16582991	16588091	5100
16596550	16598323	1773
16636526	16641912	5386
16642167	16644651	2484
16644851	16647570	2719
16648332	16648471	139
16648648	16648782	134
16649035	16649961	926
16652817	16653934	1117
16656849	16658177	1328
16658521	16665840	7319
16667862	16670703	2841
16672790	16673470	680
16676238	16677149	911
16679027	16679080	53
16685909	16691953	6044
16696758	16697422	664
16698710	16699302	592
16699660	16700244	584
16703458	16704085	627
16704127	16705106	979
16716420	16716491	71
16716844	16716915	71
16717380	16717451	71
16718313	16719493	1180
16720174	16723042	2868
16730639	16731240	601
16738455	16738601	146
16740018	16754935	14917
16774436	16801961	27525
16812226	16813658	1432
16830882	16832712	1830
16841671	16842842	1171
16843406	16846475	3069
16846766	16849885	3119
16850302	16868221	17919
16870620	16871564	944
16871754	16872749	995
16873184	16874551	1367
16875736	16876665	929
16877105	16886522	9417
16887402	16890193	2791
16896279	16899041	2762
16899729	16902520	2791
16902584	16906648	4064
16914514	16921466	6952
16923951	16927440	3489
16930768	16933694	2926
16934168	16936556	2388
16937130	16941868	4738
16943579	16944578	999
16944974	16953207	8233
16954672	16955439	767
16955938	16958442	2504
16958456	16959603	1147
16959984	16963936	3952
16963992	16966087	2095
16984960	16986814	1854
16989500	16990883	1383
16990889	16993927	3038
17040801	17041948	1147
17042542	17042964	422
17042990	17044513	1523
17048537	17049306	769
17049426	17055234	5808
17055561	17062899	7338
17068340	17071140	2800
17072733	17090856	18123
17091751	17094782	3031
17094931	17095797	866
17096800	17099539	2739
17099965	17101971	2006
17108919	17109772	853
17142438	17142587	149
17144022	17175323	31301
17181414	17185490	4076
17185898	17187853	1955
17188690	17191012	2322
17191331	17193700	2369
17204699	17207692	2993
17214602	17216171	1569
17223503	17225464	1961
17227400	17227998	598
17229457	17232412	2955
17233167	17234046	879
17234845	17235646	801
17235701	17259855	24154
17262073	17262423	350
17267299	17272259	4960
17291423	17292214	791
17308047	17313166	5119
17324354	17325127	773
17325708	17338536	12828
17346650	17354320	7670
17356709	17358708	1999
17360151	17361089	938
17374383	17382904	8521
17393241	17394871	1630
17418072	17420574	2502
17440742	17441462	720
17447601	17447743	142
17448219	17448293	74
17486908	17488694	1786
17492284	17497472	5188
17498025	17545382	47357
17546689	17548956	2267
17555224	17555617	393
17561631	17562018	387
17562235	17562571	336
17562655	17563086	431
17564067	17564832	765
17565827	17570153	4326
17570988	17574725	3737
17575689	17578959	3270
17580046	17583480	3434
17584486	17595023	10537
17595240	17596001	761
17596055	17601562	5507
17602925	17603569	644
17603836	17608258	4422
17609262	17611930	2668
17623949	17624053	104
17624236	17624393	157
17649414	17649808	394
17658225	17659735	1510
17668243	17669487	1244
17669736	17670987	1251
17671176	17672381	1205
17676416	17681988	5572
17686470	17686700	230
17687099	17687802	703
17691894	17693641	1747
17694403	17695236	833
17696403	17699362	2959
17699461	17700644	1183
17701015	17703510	2495
17709646	17710176	530
17710450	17711272	822
17715261	17715894	633
17737538	17739313	1775
17739469	17741268	1799
17774836	17840261	65425
17840419	17841934	1515
17842113	17845104	2991
17845227	17849057	3830
17849981	17851228	1247
17851697	17853202	1505
17853431	17855115	1684
17855162	17857622	2460
17857872	17860008	2136
17860177	17861339	1162
17862065	17862165	100
17867913	17905043	37130
17906104	17909195	3091
17912797	17913551	754
17929136	17931312	2176
17939149	17940936	1787
17941193	17942971	1778
17943362	17945176	1814
17945783	17959089	13306
18020701	18035199	14498
18037546	18043137	5591
18118601	18118671	70
18122592	18123266	674
18123270	18123773	503
18124527	18130142	5615
18134385	18149816	15431
18155022	18156268	1246
18156791	18157523	732
18157713	18158281	568
18158810	18159872	1062
18159979	18166029	6050
18166958	18167973	1015
18177418	18181986	4568
18182407	18186433	4026
18186504	18188093	1589
18190295	18191705	1410
18191802	18193095	1293
18193258	18198468	5210
18198557	18201301	2744
18201645	18205677	4032
18205850	18206975	1125
18207062	18207753	691
18212211	18215436	3225
18217911	18219826	1915
18222250	18222331	81
18222521	18222602	81
18222902	18222983	81
18223294	18223375	81
18228377	18230781	2404
18234288	18236637	2349
18237023	18244773	7750
18244817	18246790	1973
18246883	18249024	2141
18249038	18250651	1613
18250936	18261872	10936
18265874	18272309	6435
18272485	18272985	500
18286384	18287776	1392
18288177	18290325	2148
18290707	18291660	953
18291756	18292401	645
18292627	18293879	1252
18306535	18306660	125
18313755	18314677	922
18314827	18317161	2334
18317551	18318103	552
18318675	18319468	793
18322937	18345800	22863
18345809	18354385	8576
18354642	18356294	1652
18356416	18357644	1228
18357896	18365641	7745
18365718	18367001	1283
18369000	18369300	300
18369415	18373568	4153
18376402	18382216	5814
18384064	18388294	4230
18395910	18406114	10204
18407750	18408947	1197
18409074	18410440	1366
18411871	18412347	476
18435207	18436437	1230
18442233	18444022	1789
18444214	18445548	1334
18454519	18455021	502
18455297	18456393	1096
18465530	18509549	44019
18510728	18512232	1504
18512571	18513129	558
18513264	18516102	2838
18516329	18520494	4165
18520681	18523712	3031
18524041	18526029	1988
18529976	18533000	3024
18533508	18536484	2976
18536605	18546872	10267
18550070	18550400	330
18550606	18552136	1530
18558078	18559573	1495
18559729	18566813	7084
18568676	18571303	2627
18572168	18573321	1153
18574736	18576319	1583
18584532	18586798	2266
18587162	18589433	2271
18589682	18591894	2212
18592454	18593421	967
18593849	18594455	606
18594605	18595389	784
18595497	18596029	532
18596335	18596709	374
18596878	18597492	614
18599862	18599954	92
18603289	18607187	3898
18630013	18633012	2999
18640205	18641900	1695
18649408	18652982	3574
18669815	18672024	2209
18676810	18677526	716
18749074	18750247	1173
18789760	18790352	592
18792006	18793564	1558
18802992	18803886	894
18813003	18814225	1222
18815017	18816290	1273
18822176	18823507	1331
18825861	18836284	10423
18837643	18838082	439
18838134	18841197	3063
18846944	18852435	5491
18859006	18861285	2279
18866498	18867062	564
18867963	18868391	428
18869712	18870383	671
18870386	18873936	3550
18877411	18878625	1214
18884331	18887026	2695
18888435	18892981	4546
18917446	18920906	3460
18921412	18922962	1550
18923450	18924913	1463
18925255	18926705	1450
18939736	18943653	3917
18949684	18952144	2460
18952303	18953703	1400
18953891	18967628	13737
18975375	18983584	8209
18983739	18985038	1299
18986199	18987060	861
19027366	19029756	2390
19053449	19074625	21176
19075165	19077199	2034
19080792	19083809	3017
19084087	19086324	2237
19086332	19106578	20246
19109724	19111763	2039
19111815	19113773	1958
19113939	19115911	1972
19115953	19171889	55936
19173850	19180885	7035
19180942	19181786	844
19182000	19184253	2253
19184534	19185929	1395
19187611	19189296	1685
19197728	19198371	643
19198646	19199322	676
19199425	19199967	542
19201650	19210499	8849
19214095	19214620	525
19215866	19216288	422
19224961	19225500	539
19228530	19230861	2331
19231231	19233124	1893
19251324	19251751	427
19307587	19309263	1676
19311203	19311807	604
19313223	19314902	1679
19332630	19333198	568
19339339	19345167	5828
19345868	19347305	1437
19347986	19356708	8722
19358667	19360489	1822
19360622	19362432	1810
19362715	19364630	1915
19380045	19382665	2620
19383134	19405799	22665
19412842	19415541	2699
19415863	19418491	2628
19419347	19421995	2648
19422283	19424756	2473
19427055	19427177	122
19428229	19431217	2988
19431473	19495381	63908
19503080	19504143	1063
19504617	19505577	960
19505761	19508039	2278
19508225	19509702	1477
19511977	19513869	1892
19519728	19520410	682
19520943	19521967	1024
19522094	19524749	2655
19525050	19526076	1026
19526343	19528327	1984
19528483	19530264	1781
19532083	19532868	785
19535880	19537060	1180
19538536	19544079	5543
19545065	19547347	2282
19555770	19556151	381
19576659	19578556	1897
19585205	19586322	1117
19586459	19588985	2526
19592241	19593210	969
19594121	19598581	4460
19598720	19599849	1129
19599947	19607343	7396
19607487	19627356	19869
19634007	19644959	10952
19651074	19651629	555
19652056	19652219	163
19653592	19653755	163
19685189	19685352	163
19685884	19715774	29890
19716110	19716782	672
19717319	19719105	1786
19719896	19748695	28799
19749022	19750041	1019
19752094	19753356	1262
19753450	19754722	1272
19755595	19757280	1685
19757361	19758450	1089
19758451	19759252	801
19761680	19768823	7143
19769350	19774146	4796
19777858	19784113	6255
19784373	19788277	3904
19788902	19808954	20052
19809225	19810787	1562
19810935	19812291	1356
19812364	19814460	2096
19814528	19818638	4110
19818730	19821174	2444
19821984	19822739	755
19823260	19857549	34289
19857879	19859979	2100
19863937	19868704	4767
19873512	19874890	1378
19874902	19876504	1602
19876505	19879314	2809
19880802	19883032	2230
19884009	19888537	4528
19927322	19931485	4163
19933113	19934080	967
19935666	19938111	2445
19938686	19938769	83
19939765	19942044	2279
19953771	19955977	2206
19956029	19960376	4347
19960553	19963260	2707
19963617	19966658	3041
19973158	19974689	1531
19974742	19975925	1183
19976138	19978043	1905
19980548	19987220	6672
19988551	19989267	716
19993397	19995284	1887
19998350	20009866	11516
20013446	20014618	1172
20014772	20019145	4373
20019554	20022602	3048
20040353	20044440	4087
20049167	20052656	3489
20054697	20055001	304
20056908	20057441	533
20062888	20063006	118
20076182	20078401	2219
20090981	20091064	83
20098751	20101450	2699
20101982	20104514	2532
20105294	20107298	2004
20108633	20109090	457
20114275	20115540	1265
20119088	20120121	1033
20120800	20140263	19463
20140382	20144141	3759
20154177	20159038	4861
20164954	20165017	63
20167273	20169547	2274
20169617	20174513	4896
20181792	20183660	1868
20183817	20185866	2049
20186427	20187405	978
20189803	20190702	899
20191276	20192071	795
20192249	20192942	693
20193082	20193886	804
20194080	20195141	1061
20195290	20196453	1163
20196473	20198484	2011
20199178	20201383	2205
20202587	20203427	840
20208642	20210774	2132
20211826	20216061	4235
20216314	20217592	1278
20218611	20219484	873
20265589	20266191	602
20289280	20289800	520
20295119	20296032	913
20314334	20314404	70
20334950	20340828	5878
20341000	20343850	2850
20345347	20345800	453
20348200	20349400	1200
20350516	20353255	2739
20355495	20356280	785
20361926	20369636	7710
20381024	20381095	71
20381810	20381916	106
20382414	20382520	106
20382937	20383043	106
20383090	20408586	25496
20408789	20410882	2093
20449524	20451284	1760
20452788	20455797	3009
20460347	20460887	540
20460992	20475765	14773
20479093	20480542	1449
20484327	20484382	55
20485919	20487573	1654
20488213	20537317	49104
20538502	20543152	4650
20543659	20545086	1427
20549548	20549642	94
20575453	20579232	3779
20579571	20586235	6664
20586252	20590793	4541
20593450	20594206	756
20595073	20596655	1582
20610274	20613143	2869
20613970	20615858	1888
20623182	20625390	2208
20625689	20630981	5292
20633343	20634399	1056
20640625	20642729	2104
20643186	20648072	4886
20648123	20651370	3247
20651513	20652193	680
20654001	20655681	1680
20656023	20656695	672
20661326	20661960	634
20666231	20666885	654
20667657	20676134	8477
20676349	20677107	758
20680218	20681965	1747
20682105	20683281	1176
20683307	20685523	2216
20685622	20686088	466
20687381	20687887	506
20689913	20690454	541
20691072	20693373	2301
20693656	20696538	2882
20696924	20702376	5452
20702767	20704549	1782
20707188	20720327	13139
20720464	20723335	2871
20726838	20728770	1932
20740556	20740627	71
20740782	20740853	71
20741562	20743586	2024
20743828	20748107	4279
20748195	20750882	2687
20750938	20752807	1869
20760591	20763944	3353
20764432	20770678	6246
20770959	20773122	2163
20773354	20775261	1907
20810106	20848589	38483
20850195	20850739	544
20850957	20855073	4116
20855151	20859187	4036
20862666	20863704	1038
20866149	20870873	4724
20872045	20873131	1086
20873428	20875177	1749
20875338	20878796	3458
20879091	20880375	1284
20880798	20881899	1101
20882008	20890070	8062
20890140	20891313	1173
20892434	20895359	2925
20895649	20896636	987
20896848	20898434	1586
20898451	20900329	1878
20900599	20902104	1505
20908406	20910600	2194
20920734	20921821	1087
20923394	20927868	4474
20928275	20929339	1064
20929392	20934754	5362
20934948	20938238	3290
20943147	20948642	5495
20949095	20951341	2246
20951354	20953081	1727
20953224	20956877	3653
20957028	20962431	5403
20963794	20965625	1831
21010105	21018528	8423
21021249	21022253	1004
21025540	21039977	14437
21040047	21040910	863
21042019	21044430	2411
21045040	21047166	2126
21047311	21049840	2529
21049878	21058043	8165
21059358	21061251	1893
21063336	21064617	1281
21065902	21067390	1488
21068761	21070779	2018
21071677	21073236	1559
21073380	21074822	1442
21075070	21084394	9324
21084620	21086481	1861
21086685	21088220	1535
21088989	21091443	2454
21093731	21094186	455
21094383	21095687	1304
21095953	21098989	3036
21099559	21100959	1400
21101512	21102934	1422
21104149	21105568	1419
21107270	21108959	1689
21109342	21110946	1604
21111195	21112696	1501
21113196	21114652	1456
21115611	21117088	1477
21117092	21118699	1607
21119180	21121316	2136
21121850	21123500	1650
21123682	21125279	1597
21126613	21128039	1426
21128186	21129708	1522
21129859	21131373	1514
21132129	21134113	1984
21135151	21136665	1514
21136749	21139555	2806
21140216	21141838	1622
21142183	21143833	1650
21144272	21145823	1551
21146775	21148479	1704
21148878	21155038	6160
21155252	21156925	1673
21157085	21160965	3880
21160979	21165810	4831
21170483	21172643	2160
21184007	21185756	1749
21206785	21208503	1718
21209438	21210345	907
21223510	21226367	2857
21301358	21302637	1279
21302725	21303467	742
21303590	21308556	4966
21308820	21311203	2383
21311340	21316658	5318
21317182	21318984	1802
21319203	21320883	1680
21321800	21322200	400
21327549	21328299	750
21328507	21328943	436
21329100	21330200	1100
21330913	21331653	740
21331997	21334001	2004
21406945	21408901	1956
21414581	21414680	99
21417224	21434849	17625
21439527	21440040	513
21444136	21446401	2265
21450527	21452646	2119
21472228	21472322	94
21477120	21477219	99
21478813	21487008	8195
21487517	21491362	3845
21501499	21502500	1001
21502794	21504404	1610
21504964	21506272	1308
21509345	21510773	1428
21510958	21513092	2134
21524449	21566187	41738
21567070	21588827	21757
21601010	21601959	949
21601998	21602920	922
21602990	21604027	1037
21612051	21613020	969
21613719	21615177	1458
21615541	21616193	652
21617364	21618106	742
21618322	21619025	703
21619788	21620143	355
21620570	21620908	338
21622313	21623500	1187
21632167	21632683	516
21633766	21634401	635
21636818	21637497	679
21637633	21638856	1223
21641201	21642296	1095
21649428	21650933	1505
21655043	21655420	377
21655783	21655950	167
21656442	21656636	194
21657297	21657621	324
21657952	21668600	10648
21669640	21670100	460
21671400	21672040	640
21672500	21672800	300
21672961	21673360	399
21673820	21674176	356
21676132	21677013	881
21677354	21679711	2357
21681876	21698392	16516
21698622	21707149	8527
21707706	21713952	6246
21714264	21718992	4728
21719217	21720748	1531
21721544	21722896	1352
21723198	21725466	2268
21725625	21727894	2269
21728568	21732488	3920
21746764	21748356	1592
21757123	21757738	615
21785001	21787408	2407
21787716	21792670	4954
21795802	21808458	12656
21808735	21821459	12724
21821601	21822718	1117
21823343	21824355	1012
21825573	21826483	910
21826923	21828186	1263
21830000	21830403	403
21830768	21831745	977
21832224	21832795	571
21836615	21837290	675
21841238	21842209	971
21842236	21843192	956
21843749	21845031	1282
21846201	21846798	597
21847545	21848849	1304
21849543	21850301	758
21854576	21855457	881
21858633	21859769	1136
21862760	21863741	981
21865962	21866730	768
21875453	21877979	2526
21878543	21879850	1307
21879959	21881160	1201
21881379	21882269	890
21883069	21883945	876
21884142	21884989	847
21886990	21888733	1743
21896100	21897300	1200
21918572	21919444	872
21952381	21953590	1209
21958876	21962870	3994
22010973	22011949	976
22012740	22014529	1789
22014726	22015699	973
22015956	22016927	971
22020972	22035938	14966
22055970	22060422	4452
22061047	22078654	17607
22086624	22087237	613
22088384	22102772	14388
22150221	22151016	795
22170012	22171195	1183
22227631	22229378	1747
22239810	22241914	2104
22250420	22250827	407
22251076	22254122	3046
22254312	22254895	583
22266500	22274713	8213
22274801	22276307	1506
22276393	22278049	1656
22278256	22280307	2051
22280516	22280834	318
22281184	22281863	679
22282599	22282964	365
22283971	22286703	2732
22287249	22295730	8481
22345302	22348001	2699
22362072	22429773	67701
22432769	22434162	1393
22444840	22445946	1106
22446330	22447086	756
22448173	22449265	1092
22450309	22451374	1065
22451654	22452460	806
22453607	22454446	839
22455640	22456547	907
22457591	22458678	1087
22459454	22460436	982
22460607	22461720	1113
22462410	22463279	869
22465747	22466776	1029
22482162	22483253	1091
22518268	22519312	1044
22523419	22539881	16462
22540887	22543111	2224
22543593	22545528	1935
22545569	22550938	5369
22551855	22552403	548
22554449	22555063	614
22561139	22562029	890
22563332	22564315	983
22582700	22583634	934
22594800	22595550	750
22609331	22609930	599
22610060	22611475	1415
22630234	22630348	114
22687071	22687129	58
22689098	22690281	1183
22690327	22692529	2202
22692651	22694942	2291
22694960	22697717	2757
22697851	22701464	3613
22701574	22702284	710
22702493	22706893	4400
22736497	22738608	2111
22741483	22771031	29548
22771256	22772970	1714
22772985	22773056	71
22773234	22773305	71
22773590	22775404	1814
22775414	22784213	8799
22786786	22790539	3753
22790846	22792207	1361
22792652	22803600	10948
22811346	22814239	2893
22814757	22815574	817
22820554	22822164	1610
22825474	22828683	3209
22828958	22831191	2233
22831621	22832777	1156
22842902	22844009	1107
22844330	22845473	1143
22845960	22847100	1140
22847793	22848939	1146
22850690	22851831	1141
22874942	22876726	1784
22887938	22888781	843
22891158	22891529	371
22901592	22908540	6948
22908852	22913500	4648
22915426	22916852	1426
22918865	22919946	1081
22920255	22921578	1323
22921589	22925401	3812
22927128	22928639	1511
22928710	22931906	3196
22935051	22936755	1704
22938288	22940848	2560
22940874	22942429	1555
22942467	22944254	1787
22944368	22947312	2944
22947340	22950410	3070
22950481	22976791	26310
22977384	22983325	5941
22983670	22985503	1833
22986880	22988633	1753
22990430	22991297	867
22991438	22992844	1406
22997812	23019989	22177
23042026	23043906	1880
23053162	23054244	1082
23054395	23055190	795
23059420	23062082	2662
23064885	23066950	2065
23066989	23068052	1063
23068057	23070971	2914
23072125	23073714	1589
23073956	23076729	2773
23076853	23078904	2051
23085772	23087670	1898
23090096	23091152	1056
23092048	23098995	6947
23099427	23100287	860
23102971	23108383	5412
23113088	23114248	1160
23117257	23117931	674
23144050	23144968	918
23155415	23156604	1189
23192502	23195587	3085
23200810	23263204	62394
23266034	23266567	533
23289911	23292802	2891
23304397	23308626	4229
23313649	23315690	2041
23327088	23327747	659
23327812	23328678	866
23341633	23342979	1346
23346588	23359656	13068
23361553	23363625	2072
23363955	23364881	926
23368219	23369610	1391
23370165	23371558	1393
23371774	23373184	1410
23373497	23384867	11370
23386650	23386692	42
23387397	23407963	20566
23408562	23412098	3536
23412196	23421852	9656
23423285	23433118	9833
23449081	23451733	2652
23460347	23461782	1435
23462134	23465593	3459
23468188	23468277	89
23478482	23479085	603
23482800	23485899	3099
23488161	23502821	14660
23503244	23504735	1491
23505013	23506058	1045
23506153	23507751	1598
23511684	23518512	6828
23520040	23520263	223
23520605	23520773	168
23520977	23522173	1196
23522188	23525832	3644
23529101	23532473	3372
23532822	23536579	3757
23562260	23574088	11828
23670811	23671136	325
23671672	23672982	1310
23697223	23698112	889
23739499	23742238	2739
23743904	23745182	1278
23745566	23746811	1245
23747005	23748078	1073
23749637	23749783	146
23753079	23753896	817
23758704	23763575	4871
23763967	23768500	4533
23768518	23773743	5225
23777773	23779834	2061
23780639	23783048	2409
23783078	23784967	1889
23785068	23786295	1227
23787165	23787543	378
23787714	23788941	1227
23789137	23792680	3543
23792730	23814106	21376
23815421	23816473	1052
23852337	23916462	64125
24063171	24064292	1121
24088457	24089344	887
24089593	24090495	902
24108302	24109270	968
24109441	24110447	1006
24117060	24118378	1318
24118520	24119585	1065
24119770	24120272	502
24120345	24121001	656
24129353	24130327	974
24143884	24162162	18278
24162741	24165487	2746
24166056	24170891	4835
24177964	24179224	1260
24243930	24300536	56606
24310279	24311784	1505
24312675	24345120	32445
24345270	24346237	967
24346387	24366046	19659
24367996	24370539	2543
24406698	24410986	4288
24411770	24417108	5338
24419210	24420005	795
24423781	24425010	1229
24427251	24427390	139
24427420	24427569	149
24427599	24427738	139
24427869	24428008	139
24428062	24428211	149
24428278	24428417	139
24429093	24429244	151
24433661	24460821	27160
24462133	24464521	2388
24467307	24468613	1306
24475631	24476202	571
24494955	24496174	1219
24496426	24497743	1317
24500763	24521661	20898
24521964	24560411	38447
24562831	24570504	7673
24574106	24577383	3277
24581206	24582701	1495
24582721	24583956	1235
24602934	24603572	638
24615339	24616205	866
24616244	24617183	939
24632424	24633223	799
24633705	24637059	3354
24638290	24638363	73
24643064	24645390	2326
24650228	24657746	7518
24658023	24670470	12447
24679328	24685219	5891
24698627	24700753	2126
24701343	24703527	2184
24703746	24705844	2098
24706514	24708667	2153
24709415	24711737	2322
24713795	24748494	34699
24750726	24796094	45368
24796263	24798472	2209
24834475	24834574	99
24847006	24847902	896
24848200	24849939	1739
24850693	24851881	1188
24852161	24852896	735
24852958	24856660	3702
24858382	24859730	1348
24862780	24864793	2013
24864878	24874870	9992
24875215	24876443	1228
24876778	24877989	1211
24878402	24879635	1233
24880069	24881559	1490
24881649	24884926	3277
24884994	24888697	3703
24921090	24922209	1119
24934775	24938544	3769
24938793	24941919	3126
24944052	24948601	4549
24949092	24953969	4877
24954306	24956694	2388
24963692	24964295	603
24971400	24972615	1215
24972738	24973894	1156
24975618	24977516	1898
24977796	24978988	1192
24979246	24982977	3731
24983844	24990688	6844
24996913	25020716	23803
25023278	25024933	1655
25027478	25028247	769
25028382	25029855	1473
25041307	25041406	99
25042906	25043002	96
25045894	25047831	1937
25047939	25049150	1211
25051926	25053447	1521
25054883	25061024	6141
25061044	25064426	3382
25064552	25066085	1533
25066302	25070549	4247
25070683	25076173	5490
25077548	25081522	3974
25082207	25083147	940
25102098	25102830	732
25119465	25122902	3437
25140976	25145366	4390
25181870	25182493	623
25195060	25195499	439
25284501	25285000	499
25310505	25314987	4482
25316266	25316872	606
25317246	25319240	1994
25319574	25319989	415
25320504	25324645	4141
25324747	25329519	4772
25341439	25342249	810
25360358	25361076	718
25382108	25390966	8858
25412959	25413826	867
25414715	25415484	769
25415792	25416628	836
25424392	25426584	2192
25434199	25434576	377
25444787	25446480	1693
25456026	25485706	29680
25490501	25492505	2004
25492536	25494599	2063
25494871	25497200	2329
25497379	25498056	677
25499729	25501143	1414
25505963	25508000	2037
25511458	25515033	3575
25518313	25522747	4434
25539000	25539400	400
25540227	25540726	499
25540790	25541099	309
25541976	25542618	642
25544385	25548110	3725
25548260	25548735	475
25549881	25550672	791
25550749	25551412	663
25560991	25562467	1476
25562687	25563792	1105
25563997	25567674	3677
25567694	25570814	3120
25571059	25573235	2176
25573426	25574885	1459
25574941	25580250	5309
25580912	25584762	3850
25604995	25606174	1179
25621419	25625076	3657
25625380	25627306	1926
25627321	25628667	1346
25640643	25642173	1530
25642460	25643486	1026
25644853	25651522	6669
25653003	25660823	7820
25661672	25663169	1497
25680417	25683213	2796
25683374	25684658	1284
25684763	25685587	824
25685777	25687216	1439
25688348	25688439	91
25689021	25689066	45
25689423	25694617	5194
25695087	25700881	5794
25702781	25728953	26172
25728962	25729547	585
25731186	25732170	984
25733829	25738614	4785
25738713	25740068	1355
25740243	25746011	5768
25747938	25749177	1239
25749476	25750337	861
25750948	25751911	963
25754423	25756108	1685
25756273	25758779	2506
25760304	25761610	1306
25761700	25773929	12229
25776518	25795169	18651
25809148	25816507	7359
25816866	25819133	2267
25819197	25820953	1756
25822683	25823398	715
25823622	25825477	1855
25825517	25826125	608
25826252	25829400	3148
25831756	25834911	3155
25836198	25841006	4808
25841235	25847943	6708
25848067	25848370	303
25860262	25860629	367
25860962	25862592	1630
25862725	25863452	727
25864344	25865255	911
25865441	25866753	1312
25866939	25868793	1854
25869063	25870608	1545
25870951	25871883	932
25875015	25877933	2918
25881679	25882325	646
25882581	25883853	1272
25884033	25947520	63487
25947745	25948985	1240
25949523	25950457	934
25951355	25954841	3486
25955001	25958117	3116
25958703	25960321	1618
25960578	25975328	14750
25978744	25986195	7451
25990414	25992141	1727
25992353	25996929	4576
25997160	26000273	3113
26001508	26003422	1914
26003599	26005900	2301
26005954	26007208	1254
26009567	26010120	553
26011145	26016974	5829
26020512	26021950	1438
26022082	26028720	6638
26032505	26032648	143
26032698	26032834	136
26032878	26033013	135
26033044	26033180	136
26033215	26033352	137
26033467	26033605	138
26033620	26033761	141
26035670	26036104	434
26036596	26036995	399
26037249	26037475	226
26037878	26038290	412
26038625	26038864	239
26039037	26039519	482
26042206	26042660	454
26062816	26063456	640
26066990	26069034	2044
26069700	26072425	2725
26073686	26073765	79
26074338	26074417	79
26075305	26076383	1078
26076650	26078552	1902
26078904	26079819	915
26131530	26132362	832
26213526	26216306	2780
26230151	26230711	560
26244489	26248693	4204
26248754	26249651	897
26250221	26250884	663
26251149	26253998	2849
26254542	26257084	2542
26257786	26260861	3075
26260899	26269321	8422
26269798	26270768	970
26271357	26281589	10232
26282163	26285022	2859
26285243	26291458	6215
26302406	26304571	2165
26312738	26313650	912
26314685	26315617	932
26317535	26321875	4340
26322473	26326048	3575
26326846	26329228	2382
26329387	26331383	1996
26332551	26332609	58
26335805	26337936	2131
26338047	26340077	2030
26340546	26342641	2095
26342781	26352759	9978
26356077	26358099	2022
26380276	26385921	5645
26405151	26407839	2688
26407920	26409419	1499
26409742	26413024	3282
26422726	26425018	2292
26427928	26429763	1835
26429903	26431866	1963
26431911	26436178	4267
26437750	26441200	3450
26444348	26447628	3280
26450551	26451314	763
26452963	26454750	1787
26469489	26471602	2113
26471828	26474273	2445
26474873	26475595	722
26475683	26476580	897
26490500	26491864	1364
26516364	26518490	2126
26519294	26521220	1926
26521259	26522860	1601
26530484	26531843	1359
26551809	26553774	1965
26555559	26556887	1328
26568602	26570196	1594
26570327	26570985	658
26571201	26572012	811
26572407	26572894	487
26606900	26609367	2467
26617358	26617418	60
26632839	26633700	861
26634339	26652727	18388
26653541	26667756	14215
26678037	26680122	2085
26693243	26694906	1663
26696661	26698073	1412
26700087	26701908	1821
26702806	26706749	3943
26709186	26714784	5598
26719760	26726410	6650
26726440	26727883	1443
26747404	26748105	701
26761118	26762229	1111
26762311	26762824	513
26785422	26788029	2607
26789012	26790042	1030
26815200	26815728	528
26817422	26818179	757
26861068	26861846	778
26870113	26870827	714
26876820	26876925	105
26878338	26879637	1299
26879807	26886932	7125
26890975	26909129	18154
26916434	26923043	6609
26924590	26926891	2301
26932084	26934913	2829
26948249	26949137	888
26951871	26953057	1186
26953687	26956388	2701
26958052	26958772	720
26983878	26994828	10950
27019084	27020111	1027
27022638	27029444	6806
27029902	27036452	6550
27036688	27039098	2410
27039180	27040506	1326
27040530	27041664	1134
27043086	27043384	298
27044996	27045094	98
27046424	27056981	10557
27057407	27058058	651
27058137	27061084	2947
27061757	27078330	16573
27079381	27080622	1241
27080849	27082381	1532
27083321	27085771	2450
27085969	27087389	1420
27088320	27089600	1280
27091452	27094233	2781
27128211	27131106	2895
27136879	27197470	60591
27198149	27199920	1771
27207831	27217615	9784
27217616	27219249	1633
27219304	27221026	1722
27230967	27283595	52628
27285544	27288759	3215
27289023	27289856	833
27294825	27295700	875
27298763	27299460	697
27316800	27318400	1600
27324957	27332714	7757
27345600	27349000	3400
27368754	27391887	23133
27397865	27401429	3564
27401557	27406421	4864
27406673	27413966	7293
27414395	27416114	1719
27416303	27418038	1735
27418525	27420441	1916
27420514	27421926	1412
27441006	27441882	876
27442025	27443559	1534
27447858	27490368	42510
27495187	27503693	8506
27503869	27505602	1733
27506318	27506741	423
27513700	27514248	548
27514850	27515600	750
27530503	27531220	717
27533592	27534062	470
27534997	27535510	513
27539589	27561114	21525
27561225	27562685	1460
27562757	27563721	964
27564190	27569028	4838
27569212	27569970	758
27570894	27571799	905
27572167	27573280	1113
27579246	27579313	67
27581078	27584359	3281
27584432	27585082	650
27585126	27587301	2175
27589026	27590494	1468
27592846	27593512	666
27595015	27597570	2555
27600771	27602374	1603
27616314	27619629	3315
27626685	27628496	1811
27631190	27632491	1301
27632589	27635908	3319
27636182	27638018	1836
27638331	27672292	33961
27803843	27816631	12788
27838370	27839130	760
27841663	27852650	10987
27864052	27865475	1423
27871036	27877715	6679
27877782	27880696	2914
27881001	27894163	13162