7529	9484	1955
9839	21376	11537
21952	24237	2285
25402	65404	40002
65999	66242	243
71757	76211	4454
76348	77783	1435
82421	87387	4966
94739	102086	7347
103962	106732	2770
106903	114432	7529
115365	116488	1123
116970	121754	4784
122837	124031	1194
132077	134472	2395
135402	136128	726
136144	136701	557
138384	140992	2608
141077	143091	2014
143323	144227	904
144231	153300	9069
153539	155305	1766
156029	157666	1637
157836	158664	828
159032	203397	44365
207179	210725	3546
219651	220050	399
223519	224708	1189
228037	228588	551
232166	232253	87
232487	234208	1721
243035	243141	106
248909	249812	903
251039	252373	1334
262203	263003	800
269088	271626	2538
271912	273715	1803
281670	283269	1599
287252	289144	1892
292959	294681	1722
295122	297449	2327
297880	305233	7353
308537	309348	811
318362	319259	897
320279	321248	969
322101	323091	990
325522	329761	4239
329910	332335	2425
355663	356891	1228
357329	358174	845
378112	387439	9327
396120	396571	451
396595	402198	5603
404285	407969	3684
408030	414777	6747
418434	419652	1218
419952	420864	912
420895	421450	555
421771	422489	718
422873	425321	2448
439539	440104	565
448254	453024	4770
453108	454654	1546
454754	455313	559
455531	458745	3214
473013	476170	3157
476446	479688	3242
540599	542580	1981
542786	544653	1867
545129	547096	1967
559612	560523	911
560568	563819	3251
566366	568121	1755
568340	572907	4567
573033	574264	1231
575711	576896	1185
577486	579549	2063
583544	594685	11141
602813	604430	1617
605914	606412	498
608340	609134	794
620298	621201	903
623107	623665	558
623900	624323	423
624617	625556	939
625652	628200	2548
628729	629052	323
710568	715307	4739
728362	730564	2202
737212	744395	7183
749945	762399	12454
772514	773093	579
773547	774017	470
776536	776941	405
779173	779655	482
780482	782885	2403
786153	790798	4645
799856	800323	467
810577	811531	954
813314	815950	2636
816994	817950	956
818079	819508	1429
819964	821209	1245
824329	825861	1532
825969	833241	7272
850702	851163	461
851251	852730	1479
852768	854539	1771
855337	856639	1302
857542	857632	90
860309	861806	1497
865366	865493	127
868673	869857	1184
870465	877038	6573
877302	878270	968
897453	898050	597
898500	901316	2816
901491	901654	163
904029	904347	318
912981	913305	324
914086	917805	3719
922793	958098	35305
987899	991300	3401
1026105	1026897	792
1037246	1038685	1439
1049674	1077815	28141
1077948	1080803	2855
1083091	1102504	19413
1103254	1108373	5119
1108540	1112694	4154
1112941	1114138	1197
1114654	1128953	14299
1132332	1134098	1766
1134693	1141156	6463
1143201	1147395	4194
1149445	1150677	1232
1151678	1158262	6584
1158661	1160220	1559
1160290	1163886	3596
1164443	1166425	1982
1170753	1172805	2052
1173009	1177589	4580
1182297	1184020	1723
1184065	1185698	1633
1185757	1196807	11050
1198465	1199266	801
1199412	1199924	512
1200205	1200663	458
1200671	1201220	549
1204215	1205250	1035
1214649	1215293	644
1216854	1217785	931
1219293	1229802	10509
1240036	1243018	2982
1256417	1296596	40179
1329161	1329993	832
1334128	1335514	1386
1341365	1342095	730
1343443	1344171	728
1344400	1345135	735
1345501	1345840	339
1345965	1346331	366
1351728	1352868	1140
1354911	1355924	1013
1358925	1359790	865
1359837	1361821	1984
1367996	1369050	1054
1381211	1382796	1585
1428474	1429159	685
1432711	1432921	210
1442627	1443832	1205
1492295	1493859	1564
1494070	1495456	1386
1495460	1497071	1611
1498455	1500608	2153
1500830	1504204	3374
1516795	1517478	683
1517533	1518148	615
1520034	1520387	353
1520491	1522156	1665
1522697	1524257	1560
1584866	1587155	2289
1594822	1611157	16335
1612429	1614160	1731
1618637	1626021	7384
1646932	1647163	231
1651258	1704682	53424
1704902	1706962	2060
1708452	1709244	792
1711302	1715851	4549
1716244	1724388	8144
1728732	1729762	1030
1731033	1732356	1323
1732524	1750612	18088
1750687	1752122	1435
1752308	1752848	540
1755253	1756451	1198
1758286	1759093	807
1784062	1785286	1224
1789141	1790361	1220
1790617	1791823	1206
1792057	1793268	1211
1793668	1794917	1249
1821256	1823331	2075
1824172	1826500	2328
1831685	1831799	114
1839494	1839896	402
1840070	1840808	738
1869803	1871032	1229
1872693	1873511	818
1882201	1884059	1858
1938089	1938159	70
1945150	1945709	559
1945815	1946728	913
1965426	1965498	72
1973957	1975413	1456
1975463	1980755	5292
1981176	1982099	923
1984512	1987758	3246
1988290	1988940	650
1989450	1990894	1444
1991381	1992160	779
2000058	2003935	3877
2006867	2007688	821
2008414	2009072	658
2009155	2009226	71
2009538	2009609	71
2010646	2010717	71
2010869	2010940	71
2013179	2013250	71
2031692	2031762	70
2032519	2036041	3522
2036409	2037265	856
2037714	2044372	6658
2044517	2045381	864
2045494	2048054	2560
2054589	2057967	3378
2079919	2081286	1367
2082031	2082347	316
2083362	2084419	1057
2127309	2129237	1928
2130813	2137296	6483
2137350	2145187	7837
2145297	2147275	1978
2147518	2151664	4146
2151754	2155389	3635
2156484	2178754	22270
2181962	2185495	3533
2187007	2187079	72
2188620	2189405	785
2190191	2191272	1081
2192525	2197912	5387
2203721	2206166	2445
2206525	2209102	2577
2209574	2212571	2997
2212738	2214211	1473
2214972	2216311	1339
2216503	2217246	743
2217290	2220625	3335
2220748	2225544	4796
2225545	2226294	749
2226753	2227604	851
2236347	2237022	675
2237076	2238251	1175
2238304	2239384	1080
2239414	2240593	1179
2245230	2247383	2153
2250431	2251275	844
2251510	2252341	831
2253045	2253852	807
2254176	2255050	874
2257635	2258000	365
2259396	2259730	334
2264231	2265321	1090
2268106	2269140	1034
2271319	2279714	8395
2283705	2285003	1298
2285925	2286873	948
2287025	2287933	908
2288503	2289416	913
2290224	2290738	514
2300103	2300888	785
2311680	2358944	47264
2359142	2365273	6131
2365345	2370137	4792
2370152	2371524	1372
2372455	2374627	2172
2374955	2375582	627
2375841	2380506	4665
2381097	2383073	1976
2383202	2384747	1545
2384761	2385792	1031
2389578	2390689	1111
2410624	2415322	4698
2415359	2416720	1361
2416792	2417965	1173
2418422	2420013	1591
2420830	2424647	3817
2424797	2425041	244
2427050	2427881	831
2428372	2459823	31451
2459924	2460044	120
2462593	2462686	93
2471644	2472978	1334
2488197	2492671	4474
2492955	2498846	5891
2507312	2507596	284
2517102	2518037	935
2532999	2533569	570
2551145	2552825	1680
2555750	2556089	339
2562483	2564830	2347
2564886	2573037	8151
2573436	2575052	1616
2575280	2576997	1717
2577687	2579179	1492
2579201	2580172	971
2581281	2585430	4149
2591869	2592773	904
2598608	2599860	1252
2601033	2601721	688
2609994	2611283	1289
2620187	2620782	595
2625456	2627855	2399
2646030	2646281	251
2646577	2647720	1143
2648360	2652414	4054
2653046	2653926	880
2655394	2657102	1708
2665062	2666265	1203
2669823	2672186	2363
2695330	2696437	1107
2737568	2737661	93
2743375	2744934	1559
2757940	2758176	236
2758427	2759677	1250
2763416	2765665	2249
2766233	2767281	1048
2767286	2767845	559
2768590	2770069	1479
2770884	2771776	892
2797832	2798321	489
2805261	2812376	7115
2814336	2815760	1424
2823546	2825506	1960
2834887	2837833	2946
2838411	2839547	1136
2842589	2844513	1924
2844601	2845734	1133
2845926	2847212	1286
2848989	2855778	6789
2856070	2857029	959
2857164	2868548	11384
2869652	2870649	997
2877091	2878232	1141
2878344	2879001	657
2880704	2885850	5146
2885929	2954406	68477
2968293	2969638	1345
2969773	2972508	2735
2972891	2974858	1967
2974859	2976862	2003
2978411	2979288	877
2979562	2987723	8161
2989594	2992759	3165
2992870	2998726	5856
2999286	3016069	16783
3016441	3018308	1867
3021309	3023141	1832
3026252	3029168	2916
3032210	3035348	3138
3037230	3038793	1563
3038826	3039812	986
3039976	3041890	1914
3042551	3043593	1042
3046746	3046904	158
3048701	3048831	130
3056598	3068177	11579
3109672	3110998	1326
3128635	3129489	854
3144953	3145848	895
3146056	3159643	13587
3159950	3162399	2449
3162515	3163289	774
3163645	3169462	5817
3169582	3169663	81
3171035	3172799	1764
3173003	3173084	81
3173205	3173840	635
3173972	3174504	532
3175112	3200496	25384
3210515	3211156	641
3260973	3261281	308
3261638	3262007	369
3264168	3265714	1546
3268269	3268646	377
3269437	3271806	2369
3275800	3280534	4734
3287822	3288591	769
3291245	3294706	3461
3294926	3303130	8204
3309222	3311682	2460
3316794	3319872	3078
3320245	3323141	2896
3324237	3326637	2400
3327903	3329792	1889
3332814	3334790	1976
3334875	3354829	19954
3357646	3358618	972
3358640	3373372	14732
3373567	3375711	2144
3375832	3376737	905
3377002	3378590	1588
3386863	3387278	415
3387354	3387743	389
3387882	3388496	614
3389348	3389753	405
3397323	3397851	528
3398023	3398684	661
3410560	3411199	639
3416693	3418068	1375
3445992	3447589	1597
3449683	3452106	2423
3453697	3457064	3367
3460322	3461952	1630
3463290	3463400	110
3466157	3467334	1177
3467342	3470004	2662
3470182	3472364	2182
3472603	3475338	2735
3475365	3476058	693
3476343	3477648	1305
3478434	3479612	1178
3480755	3491071	10316
3493986	3508119	14133
3508598	3509036	438
3509099	3509440	341
3510328	3514656	4328
3514872	3517264	2392
3517273	3519651	2378
3522521	3524056	1535
3527387	3530317	2930
3530789	3532678	1889
3537844	3538333	489
3539247	3548423	9176
3562038	3563118	1080
3563308	3563502	194
3575350	3575806	456
3576210	3576623	413
3578013	3580769	2756
3588485	3590301	1816
3604224	3606756	2532
3616296	3617619	1323
3621110	3621681	571
3636967	3637073	106
3667977	3668551	574
3668691	3669134	443
3669261	3669775	514
3670131	3670581	450
3692123	3692587	464
3692699	3693182	483
3693184	3693905	721
3694105	3694418	313
3694431	3695020	589
3695032	3695411	379
3696218	3696658	440
3697242	3697872	630
3698451	3699092	641
3699464	3699826	362
3700195	3700658	463
3700674	3701092	418
3701290	3701699	409
3701826	3702248	422
3702614	3702947	333
3704106	3705488	1382
3706551	3707063	512
3707230	3711748	4518
3711881	3713105	1224
3716800	3717773	973
3718185	3729145	10960
3730466	3754617	24151
3765494	3765863	369
3767621	3767688	67
3769926	3770454	528
3771700	3784121	12421
3784947	3785622	675
3785738	3786343	605
3787167	3802726	15559
3803545	3810671	7126
3810801	3813410	2609
3815438	3815948	510
3817724	3818534	810
3825675	3827099	1424
3836840	3839185	2345
3845130	3845716	586
3851951	3852604	653
3854288	3854994	706
3856478	3857172	694
3861405	3862097	692
3862668	3867507	4839
3871271	3872458	1187
3872646	3902860	30214
3911796	3914288	2492
4000018	4000806	788
4001084	4001620	536
4004080	4004480	400
4004984	4005670	686
4006041	4006606	565
4007690	4007984	294
4008653	4009090	437
4074279	4075952	1673
4085890	4086005	115
4120343	4121627	1284
4121702	4124153	2451
4149279	4151203	1924
4164689	4166134	1445
4185401	4186114	713
4186250	4187793	1543
4188123	4189284	1161
4189340	4198071	8731
4198404	4221796	23392
4224650	4227097	2447
4227699	4228561	862
4228921	4229458	537
4240014	4240820	806
4241070	4242397	1327
4246209	4249676	3467
4255720	4256085	365
4256132	4256519	387
4256798	4257295	497
4257572	4258425	853
4259946	4261101	1155
4277696	4281324	3628
4283148	4323781	40633
4324554	4331830	7276
4343696	4343756	60
4347501	4347954	453
4348318	4348678	360
4349172	4349685	513
4350999	4351449	450
4352975	4354034	1059
4363556	4364252	696
4380722	4382735	2013
4382925	4386062	3137
4386182	4387356	1174
4392770	4393876	1106
4394196	4400487	6291
4400953	4403142	2189
4403251	4403955	704
4411155	4411824	669
4418977	4419048	71
4433908	4435057	1149
4437787	4438201	414
4441429	4442060	631
4442870	4444680	1810
4446670	4448635	1965
4449295	4453038	3743
4453169	4454453	1284
4455137	4456807	1670
4457603	4457674	71
4458595	4459638	1043
4461657	4463447	1790
4463611	4465075	1464
4468000	4477022	9022
4577719	4578218	499
4582250	4582968	718
4619587	4620918	1331
4633881	4634342	461
4641296	4642872	1576
4642972	4646562	3590
4647051	4647920	869
4651403	4652892	1489
4683052	4684461	1409
4687511	4688956	1445
4688965	4690702	1737
4700835	4701485	650
4732413	4734458	2045
4762895	4763951	1056
4794549	4796581	2032
4796600	4801923	5323
4811711	4811945	234
4817816	4817881	65
4821774	4828945	7171
4829980	4830039	59
4830846	4835300	4454
4835335	4837999	2664
4838347	4841465	3118
4841482	4847295	5813
4849439	4850419	980
4850641	4852640	1999
4852864	4876792	23928
4876891	4883107	6216
4883298	4885669	2371
4889995	4891277	1282
4891327	4891845	518
4903865	4906762	2897
4908581	4932384	23803
4933047	4936450	3403
4937409	4941423	4014
4944256	4945361	1105
4948206	4949784	1578
4949941	4950767	826
4952243	4953136	893
4954279	4955144	865
4955509	4958292	2783
4963976	4965425	1449
4966367	4967775	1408
4967832	4968935	1103
4971702	4973687	1985
4975300	4977023	1723
4978484	4979379	895
4979513	4981592	2079
4981614	4992702	11088
4992808	5009720	16912
5009931	5010834	903
5010922	5012127	1205
5012144	5028191	16047
5029609	5037279	7670
5047818	5051062	3244
5052843	5054575	1732
5054579	5055016	437
5055982	5058248	2266
5058404	5059790	1386
5060473	5060806	333
5062636	5063442	806
5068570	5068684	114
5070957	5072055	1098
5072170	5093592	21422
5093976	5095910	1934
5099177	5100288	1111
5187778	5187922	144
5193471	5193516	45
5196035	5196097	62
5202383	5202522	139
5206205	5206361	156
5207267	5209345	2078
5212395	5215081	2686
5215189	5216542	1353
5240766	5240837	71
5241106	5241177	71
5242699	5244239	1540
5258942	5259992	1050
5264001	5265899	1898
5266392	5268455	2063
5268498	5270329	1831
5271728	5278548	6820
5278865	5283283	4418
5287848	5288361	513
5297486	5297928	442
5311311	5314895	3584
5326504	5326832	328
5327227	5327969	742
5327975	5328879	904
5329857	5330464	607
5330470	5338073	7603
5339132	5342234	3102
5346237	5365760	19523
5379095	5381074	1979
5387551	5388632	1081
5404280	5416593	12313
5431842	5432604	762
5432822	5433522	700
5433676	5434236	560
5437634	5437749	115
5461639	5467610	5971
5486905	5487191	286
5518893	5519896	1003
5521281	5523898	2617
5526957	5527854	897
5530620	5532223	1603
5535861	5536758	897
5536850	5539196	2346
5539326	5542314	2988
5542480	5546642	4162
5547086	5549614	2528
5549709	5550835	1126
5551838	5552756	918
5552843	5553850	1007
5555072	5558994	3922
5559342	5563502	4160
5565619	5565766	147
5579580	5581116	1536
5587115	5588414	1299
5596833	5598636	1803
5615230	5615661	431
5619794	5620280	486
5620615	5623762	3147
5631624	5632660	1036
5640940	5641037	97
5641063	5641155	92
5641191	5641279	88
5641298	5641389	91
5641990	5642078	88
5642102	5642201	99
5661902	5662232	330
5662849	5670838	7989
5678582	5679499	917
5690530	5691421	891
5706374	5713791	7417
5715678	5716426	748
5716701	5718067	1366
5718121	5720899	2778
5721051	5723944	2893
5726415	5728811	2396
5733675	5741244	7569
5746157	5747961	1804
5762553	5766142	3589
5769752	5771537	1785
5784031	5784893	862
5800517	5801975	1458
5802220	5804030	1810
5805395	5809063	3668
5809702	5810216	514
5810352	5810835	483
5811574	5811925	351
5817890	5818443	553
5824004	5856767	32763
5859769	5879498	19729
5883741	5884345	604
5884350	5884774	424
5884888	5885491	603
5886002	5886609	607
5887204	5887989	785
5888149	5888484	335
5892298	5892862	564
5892883	5893896	1013
5899949	5900380	431
5903178	5904689	1511
5904958	5906250	1292
5908927	5910289	1362
5922876	5923653	777
5925937	5939261	13324
5940033	5940250	217
5941995	5942584	589
5942623	5943304	681
5947647	5948397	750
5949450	5955235	5785
5955312	5956466	1154
5956489	5956819	330
5957004	5957639	635
5958005	5958631	626
5959596	5960340	744
5963087	5964951	1864
5965391	5967752	2361
5968566	5969761	1195
5969859	5971025	1166
5972115	5981018	8903
5981764	5985909	4145
5986348	5988854	2506
5989400	5999501	10101
6004167	6006333	2166
6007364	6012338	4974
6013059	6019402	6343
6020835	6021718	883
6022951	6024539	1588
6025870	6034423	8553
6036997	6037902	905
6045627	6045713	86
6048002	6050474	2472
6050800	6053877	3077
6054302	6060169	5867
6060842	6062757	1915
6063562	6065953	2391
6065997	6067635	1638
6067668	6068594	926
6069790	6070686	896
6070990	6073961	2971
6074251	6074796	545
6078453	6079736	1283
6079764	6080128	364
6091412	6096498	5086
6096698	6098966	2268
6118512	6120522	2010
6125879	6127775	1896
6127872	6130651	2779
6131023	6132484	1461
6133258	6133674	416
6138867	6139309	442
6139382	6145010	5628
6151969	6153701	1732
6153840	6155141	1301
6160400	6161309	909
6179133	6211114	31981
6225048	6226842	1794
6231807	6232160	353
6255859	6256822	963
6263557	6264490	933
6271024	6271468	444
6308377	6308751	374
6308819	6309475	656
6323767	6332789	9022
6332881	6338671	5790
6338836	6346280	7444
6346430	6348427	1997
6349393	6351034	1641
6352324	6354331	2007
6354956	6356498	1542
6357005	6358318	1313
6358345	6359994	1649
6360403	6361385	982
6367882	6370190	2308
6372388	6377284	4896
6381266	6383419	2153
6383435	6385512	2077
6395853	6397249	1396
6415179	6423310	8131
6424336	6426371	2035
6426724	6448403	21679
6448464	6455929	7465
6456052	6459008	2956
6459015	6465669	6654
6466217	6467698	1481
6468538	6473904	5366
6474438	6476975	2537
6477182	6480575	3393
6487342	6488756	1414
6490155	6490843	688
6492974	6494532	1558
6497053	6498466	1413
6507424	6508404	980
6527447	6546976	19529
6551854	6552436	582
6555717	6557502	1785
6557800	6559308	1508
6559431	6560133	702
6564112	6566181	2069
6568400	6601068	32668
6611011	6617117	6106
6619080	6619446	366
6625138	6632407	7269
6632798	6649114	16316
6649388	6654574	5186
6654760	6656321	1561
6656459	6658152	1693
6658517	6662033	3516
6662061	6663612	1551
6666264	6668033	1769
6671065	6673347	2282
6674682	6676635	1953
6676649	6677625	976
6677835	6684364	6529
6684842	6686712	1870
6686791	6709086	22295
6711286	6716186	4900
6717625	6719389	1764
6719394	6723359	3965
6723903	6732766	8863
6732866	6736149	3283
6736364	6740188	3824
6745000	6745078	78
6747421	6747914	493
6757864	6759628	1764
6759829	6772755	12926
6774041	6778444	4403
6778555	6786861	8306
6789770	6798862	9092
6799196	6799600	404
6799744	6799816	72
6799946	6800894	948
6801358	6802840	1482
6804324	6805792	1468
6812640	6813110	470
6821934	6838995	17061
6852315	6853866	1551
6854142	6860849	6707
6860905	6870389	9484
6871335	6872536	1201
6872714	6874378	1664
6902062	6902152	90
6906666	6907844	1178
6911090	6914138	3048
6915581	6916445	864
6917210	6917310	100
6920704	6932057	11353
6932545	6942814	10269
6943178	6945289	2111
6945464	6948808	3344
6949310	6950207	897
6954357	6956950	2593
6959099	6960328	1229
6961516	6964074	2558
6964421	6965887	1466
6966780	6967644	864
6968711	6971737	3026
6972243	6972796	553
6985961	6986750	789
7012262	7012803	541
7021682	7022470	788
7024829	7027389	2560
7027526	7028959	1433
7030493	7032606	2113
7037823	7056010	18187
7059214	7060851	1637
7064431	7065837	1406
7078895	7079399	504
7142304	7145263	2959
7174368	7174790	422
7177879	7178171	292
7185461	7190010	4549
7190431	7194588	4157
7194908	7204264	9356
7204538	7220033	15495
7220567	7221093	526
7227734	7228641	907
7232165	7232813	648
7250607	7252982	2375
7257512	7258198	686
7307159	7316265	9106
7328944	7329519	575
7333714	7352542	18828
7369645	7370503	858
7377702	7384344	6642
7384486	7388253	3767
7388508	7390902	2394
7390984	7398750	7766
7399465	7399929	464
7401335	7404526	3191
7408533	7409809	1276
7410909	7412229	1320
7412417	7422736	10319
7425795	7425892	97
7425972	7426044	72
7426866	7430329	3463
7430530	7433516	2986
7445355	7451244	5889
7452520	7454212	1692
7454826	7462247	7421
7466543	7472493	5950
7474704	7476952	2248
7496791	7497365	574
7519679	7520082	403
7581924	7583333	1409
7604243	7604563	320
7605600	7607701	2101
7608389	7616533	8144
7636113	7636608	495
7636951	7637324	373
7684482	7685341	859
7689311	7691061	1750
7691109	7692683	1574
7693727	7701601	7874
7708100	7710456	2356
7711476	7711661	185
7713998	7716645	2647
7716974	7719487	2513
7719847	7722823	2976
7723045	7726298	3253
7727157	7732670	5513
7734415	7738809	4394
7740562	7741537	975
7743682	7744839	1157
7747275	7747874	599
7752170	7753186	1016
7753203	7753393	190
7756222	7756934	712
7767628	7775033	7405
7775804	7778029	2225
7780085	7781415	1330
7781465	7782760	1295
7782865	7786061	3196
7786160	7790557	4397
7795849	7796260	411
7796314	7800058	3744
7801668	7810703	9035
7811438	7820771	9333
7825347	7827315	1968
7827650	7833576	5926
7839777	7840414	637
7840452	7841262	810
7844905	7855475	10570
7857957	7860839	2882
7864642	7871432	6790
7871978	7872367	389
7872849	7872919	70
7873495	7879552	6057
7884930	7885450	520
7885503	7886109	606
7887693	7889129	1436
7889288	7890594	1306
7983946	7986785	2839
7986786	7994184	7398
7994798	7996494	1696
7999670	8004286	4616
8004548	8007210	2662
8008302	8009477	1175
8009603	8010652	1049
8011405	8026898	15493
8029462	8030565	1103
8030721	8040826	10105
8042189	8042350	161
8054322	8071624	17302
8071812	8072848	1036
8072895	8073948	1053
8082859	8083107	248
8083420	8116531	33111
8116965	8124010	7045
8125668	8126890	1222
8127001	8133989	6988
8141540	8141662	122
8143401	8144047	646
8144391	8145107	716
8147611	8148356	745
8161796	8162452	656
8163073	8190137	27064
8190297	8190781	484
8194509	8197049	2540
8197193	8198813	1620
8201557	8205298	3741
8205367	8205648	281
8205778	8206044	266
8209626	8211122	1496
8211347	8211938	591
8212039	8212902	863
8214045	8215239	1194
8216851	8218017	1166
8218071	8220741	2670
8220980	8239878	18898
8240414	8241800	1386
8242055	8242435	380
8243323	8244003	680
8244160	8257502	13342
8258616	8258692	76
8290727	8290799	72
8295158	8295666	508
8301345	8302985	1640
8303429	8305376	1947
8306696	8308192	1496
8309876	8311195	1319
8316889	8319908	3019
8321280	8325409	4129
8327456	8332911	5455
8338287	8342056	3769
8343320	8345015	1695
8346620	8351112	4492
8352187	8355172	2985
8355678	8362469	6791
8363477	8364662	1185
8364855	8365663	808
8366038	8370090	4052
8370454	8374250	3796
8375502	8376797	1295
8377035	8378206	1171
8378262	8381764	3502
8381821	8382807	986
8383612	8384137	525
8388728	8389331	603
8389724	8389820	96
8389881	8392398	2517
8392456	8393222	766
8393489	8394280	791
8394446	8394940	494
8395665	8396096	431
8396649	8397886	1237
8399021	8400078	1057
8401476	8403280	1804
8403573	8408853	5280
8408888	8411868	2980
8412144	8415256	3112
8431086	8433598	2512
8434058	8437365	3307
8437405	8437996	591
8438169	8442342	4173
8442447	8445815	3368
8445861	8449576	3715
8449691	8463994	14303
8464488	8466694	2206
8477349	8478088	739
8481777	8481848	71
8482084	8482155	71
8482374	8483005	631
8485725	8485925	200
8488981	8490546	1565
8490739	8491360	621
8494893	8496307	1414
8509069	8511866	2797
8512174	8514868	2694
8516753	8517380	627
8517411	8519176	1765
8519690	8521809	2119
8524999	8528618	3619
8529141	8541439	12298
8541552	8541623	71
8541761	8541832	71
8570888	8570960	72
8590370	8594489	4119
8620028	8620099	71
8679116	8679187	71
8683451	8683522	71
8683806	8683877	71
8684823	8685955	1132
8686231	8687052	821
8703475	8705450	1975
8705572	8707527	1955
8709880	8740660	30780
8751715	8752122	407
8752285	8753209	924
8765273	8768710	3437
8769159	8772344	3185
8772946	8776263	3317
8777661	8781252	3591
8781799	8782500	701
8825645	8829670	4025
8852009	8852664	655
8862776	8863743	967
8863811	8864847	1036
8864864	8865692	828
8865850	8866670	820
8866767	8867686	919
8867875	8868747	872
8886809	8888008	1199
8891440	8892180	740
8898786	8933594	34808
8933962	8936096	2134
8941945	8943257	1312
8943455	8951216	7761
8953481	8959051	5570
8959255	8962354	3099
8962533	8964620	2087
8964982	8967035	2053
8970520	8975428	4908
8980659	8981432	773
8985936	8989539	3603
8991735	8993632	1897
8994391	8995617	1226
8998537	8999816	1279
9010583	9011358	775
9012885	9014068	1183
9025634	9031836	6202
9071032	9071607	575
9077121	9077988	867
9084107	9089440	5333
9097563	9098175	612
9099397	9099770	373
9111814	9113285	1471
9119582	9120040	458
9121571	9121923	352
9124032	9124500	468
9125737	9163721	37984
9165421	9166514	1093
9236521	9236594	73
9250048	9251042	994
9251138	9251459	321
9251472	9253118	1646
9254076	9254854	778
9261820	9262804	984
9304437	9305007	570
9325845	9326721	876
9327039	9327553	514
9327744	9330332	2588
9330763	9331981	1218
9333567	9341925	8358
9342832	9344777	1945
9348726	9349212	486
9349546	9349963	417
9350470	9350996	526
9364297	9364991	694
9367640	9368434	794
9372102	9374004	1902
9387389	9391567	4178
9396999	9397988	989
9416588	9426342	9754
9428669	9431052	2383
9431405	9435341	3936
9436804	9437227	423
9440011	9440740	729
9470326	9470861	535
9491176	9494876	3700
9495474	9520696	25222
9528515	9529648	1133
9540523	9542480	1957
9542878	9543658	780
9544171	9544875	704
9545811	9547424	1613
9547720	9566750	19030
9568155	9568785	630
9573563	9576769	3206
9579498	9581745	2247
9584670	9586044	1374
9589476	9591783	2307
9598880	9600872	1992
9608562	9612706	4144
9613166	9616404	3238
9616469	9623109	6640
9624452	9625285	833
9634179	9656026	21847
9656600	9657424	824
9669640	9671070	1430
9682315	9699297	16982
9699791	9700459	668
9702442	9705954	3512
9708921	9711271	2350
9729940	9730945	1005
9736645	9737795	1150
9747839	9750071	2232
9758342	9762375	4033
9762424	9763262	838
9763369	9765338	1969
9767058	9768727	1669
9769060	9770409	1349
9771155	9773044	1889
9773108	9775030	1922
9787279	9790745	3466
9790882	9791958	1076
9791961	9793107	1146
9848289	9848794	505
9887039	9887389	350
9890061	9890772	711
9891255	9893446	2191
9893946	9894026	80
9894205	9894285	80
9894477	9894544	67
9894795	9894907	112
9895287	9896104	817
9896265	9897552	1287
9897820	9903128	5308
9903279	9908633	5354
9908830	9912608	3778
9912911	9915044	2133
9915253	9917220	1967
9917221	9918176	955
9918618	9920120	1502
9920160	9921459	1299
9922737	9924865	2128
9925161	9930378	5217
9930580	9931131	551
9932272	9933163	891
9938178	9938790	612
9940773	9947648	6875
9950418	9950516	98
9952072	9954181	2109
9956175	9957019	844
9959248	9960232	984
9961018	9962104	1086
9964147	9967229	3082
9967313	9968645	1332
9984645	9995538	10893
9996706	10002736	6030
10004310	10005043	733
10009381	10013170	3789
10013227	10017463	4236
10026676	10029298	2622
10032690	10038954	6264
10049580	10051201	1621
10051362	10052289	927
10053604	10054100	496
10054213	10055935	1722
10056900	10060095	3195
10060816	10063925	3109
10091208	10092389	1181
10122129	10122771	642
10144776	10156407	11631
10172702	10174090	1388
10189820	10191496	1676
10199401	10200974	1573
10201004	10202321	1317
10202520	10204317	1797
10204757	10206961	2204
10208741	10209786	1045
10209853	10210681	828
10211170	10213721	2551
10213812	10221216	7404
10221351	10222546	1195
10222657	10224447	1790
10224457	10226808	2351
10227760	10231692	3932
10232507	10234450	1943
10234585	10238317	3732
10239341	10242172	2831
10242685	10245977	3292
10247502	10250501	2999
10250737	10251714	977
10254610	10255891	1281
10256319	10261049	4730
10261795	10263554	1759
10264125	10265229	1104
10265336	10266570	1234
10266703	10268748	2045
10268872	10269904	1032
10271443	10272324	881
10272325	10278811	6486
10278951	10280872	1921
10281943	10292365	10422
10292679	10295385	2706
10297730	10298413	683
10299977	10302018	2041
10302173	10303947	1774
10304069	10306594	2525
10306922	10308045	1123
10308131	10310956	2825
10311050	10312099	1049
10312265	10314396	2131
10322476	10324990	2514
10325026	10327943	2917
10328200	10331116	2916
10331471	10333129	1658
10333734	10339185	5451
10339457	10341503	2046
10341616	10342523	907
10342594	10344223	1629
10344442	10347706	3264
10347851	10353905	6054
10354743	10356597	1854
10356795	10358078	1283
10358134	10362707	4573
10362989	10364092	1103
10364471	10366410	1939
10366692	10367946	1254
10373369	10375757	2388
10376168	10379905	3737
10382263	10384723	2460
10384739	10386262	1523
10386662	10387652	990
10388105	10393228	5123
10393774	10396332	2558
10403197	10405203	2006
10405565	10408197	2632
10408352	10409610	1258
10410537	10413463	2926
10414017	10418991	4974
10419190	10420612	1422
10420625	10422780	2155
10423291	10425482	2191
10425483	10426627	1144
10426887	10428632	1745
10429920	10430918	998
10432687	10435656	2969
10435995	10437316	1321
10437548	10439240	1692
10439440	10441047	1607
10441820	10442204	384
10442534	10450080	7546
10450134	10452396	2262
10452677	10457241	4564
10457658	10462472	4814
10463340	10474349	11009
10477073	10482975	5902
10485538	10488622	3084
10489900	10491454	1554
10506301	10507015	714
10507859	10510453	2594
10510672	10517218	6546
10517335	10519269	1934
10527572	10531778	4206
10531821	10533647	1826
10534322	10536587	2265
10542860	10543522	662
10567255	10568012	757
10575860	10577792	1932
10579753	10580324	571
10580957	10581702	745
10629352	10638471	9119
10638562	10639592	1030
10639931	10643539	3608
10643971	10645891	1920
10646415	10650152	3737
10650857	10651454	597
10651613	10654499	2886
10657627	10658031	404
10658281	10658559	278
10662081	10671487	9406
10677198	10679707	2509
10680151	10680480	329
10681030	10681775	745
10681902	10682528	626
10683427	10684409	982
10686124	10687066	942
10688734	10689271	537
10692940	10694103	1163
10695058	10698195	3137
10699408	10701544	2136
10703621	10704930	1309
10710101	10710733	632
10724203	10728740	4537
10730255	10731356	1101
10731400	10732423	1023
10733293	10736071	2778
10736319	10737043	724
10737345	10740762	3417
10741885	10741987	102
10744075	10756325	12250
10761116	10764971	3855
10765010	10768006	2996
10768234	10769952	1718
10770868	10771370	502
10785503	10786173	670
10790222	10791450	1228
10801595	10802801	1206
10819107	10820485	1378
10820705	10821967	1262
10840345	10840476	131
10843014	10845664	2650
10845788	10847044	1256
10854435	10856644	2209
10856797	10858094	1297
10858536	10862006	3470
10862194	10864697	2503
10870167	10870722	555
10870867	10871133	266
10872014	10872384	370
10886454	10887199	745
10887645	10888927	1282
10894644	10895344	700
10900501	10901785	1284
10903731	10903959	228
10906270	10908893	2623
10910051	10910648	597
10936662	10937931	1269
10942358	10942949	591
10943272	10943622	350
10964905	10970275	5370
10970443	10972093	1650
10972280	10973408	1128
10973443	10975293	1850
10975522	10976399	877
10982205	10987420	5215
10987806	10989241	1435
10997819	11001476	3657
11002072	11002738	666
11002758	11004189	1431
11009821	11011086	1265
11011312	11012135	823
11015620	11016571	951
11016995	11018778	1783
11034795	11035308	513
11071027	11071532	505
11074471	11074898	427
11075513	11075962	449
11076165	11081399	5234
11083459	11085229	1770
11086721	11090973	4252
11091444	11095096	3652
11095150	11100888	5738
11100963	11106645	5682
11110557	11113061	2504
11115635	11120319	4684
11120642	11121714	1072
11122574	11123567	993
11128932	11130645	1713
11130737	11136003	5266
11136393	11138565	2172
11144579	11145417	838
11151506	11155721	4215
11171167	11171665	498
11179032	11180430	1398
11205528	11206092	564
11234835	11234912	77
11261026	11269002	7976
11269780	11277846	8066
11278021	11279982	1961
11280298	11281920	1622
11284327	11285706	1379
11290632	11291077	445
11307753	11308038	285
11318944	11319259	315
11331889	11332736	847
11338551	11338920	369
11342301	11343318	1017
11354001	11354329	328
11358873	11373636	14763
11387870	11392320	4450
11434311	11445614	11303
11484707	11486949	2242
11496804	11498948	2144
11508399	11517081	8682
11517391	11519783	2392
11520358	11521285	927
11521765	11522776	1011
11523021	11528205	5184
11529038	11531052	2014
11531966	11534547	2581
11536145	11536844	699
11548640	11550035	1395
11561201	11561966	765
11585433	11586833	1400
11588576	11589181	605
11591339	11591678	339
11610510	11611772	1262
11644619	11648839	4220
11651331	11652010	679
11652448	11654164	1716
11657410	11657992	582
11660292	11660937	645
11662002	11662404	402
11663259	11663872	613
11665241	11665810	569
11694804	11696107	1303
11721286	11722098	812
11736402	11737541	1139
11743746	11744422	676
11752973	11753555	582
11753640	11754022	382
11754085	11754502	417
11788334	11789475	1141
11789919	11791011	1092
11791025	11792365	1340
11792412	11794086	1674
11798105	11798195	90
11810092	11813780	3688
11827204	11829405	2201
11834086	11834497	411
11834608	11834874	266
11835320	11835903	583
11836440	11836808	368
11837243	11837486	243
11837713	11838049	336
11839298	11839660	362
11839912	11840329	417
11840691	11841204	513
11841502	11842445	943
11843137	11844012	875
11847226	11849169	1943
11849958	11852881	2923
11853430	11853925	495
11934505	11935716	1211
11936181	11937501	1320
11937969	11939202	1233
11944129	11947131	3002
11947941	11948803	862
11953410	11953503	93
11984327	11988039	3712
11988735	11989882	1147
11990927	11992848	1921
11993989	11995432	1443
11995740	11996723	983
11997900	11999340	1440
12001234	12002266	1032
12008153	12009832	1679
12013528	12013899	371
12014304	12020960	6656
12024056	12025202	1146
12027438	12034122	6684
12035984	12038511	2527
12038631	12040689	2058
12041054	12045200	4146
12045343	12046118	775
12046442	12046679	237
12046711	12048918	2207
12051755	12056042	4287
12056348	12058251	1903
12058304	12063184	4880
12063457	12066775	3318
12076100	12077739	1639
12079604	12080568	964
12080805	12082074	1269
12085649	12086413	764
12086621	12088025	1404
12092009	12092358	349
12095176	12096511	1335
12096525	12097687	1162
12100765	12103285	2520
12103751	12107170	3419
12107221	12109116	1895
12109417	12110664	1247
12111110	12112256	1146
12114360	12129896	15536
12130516	12133411	2895
12138008	12140392	2384
12161767	12162605	838
12164241	12166704	2463
12171204	12172586	1382
12174090	12174638	548
12175451	12177886	2435
12207709	12210110	2401
12315777	12316122	345
12316272	12317313	1041
12338848	12339477	629
12356441	12357906	1465
12398274	12402023	3749
12403270	12423439	20169
12424904	12426440	1536
12426631	12427709	1078
12429827	12430892	1065
12432798	12432950	152
12433025	12433180	155
12434452	12441279	6827
12441401	12445924	4523
12446080	12448132	2052
12451945	12453242	1297
12453664	12454951	1287
12460004	12460100	96
12496616	12497333	717
12508108	12508254	146
12543176	12544343	1167
12570672	12571157	485
12571160	12571606	446
12582402	12583550	1148
12610517	12646356	35839
12667248	12669714	2466
12690336	12692934	2598
12693872	12694988	1116
12696426	12697323	897
12698918	12700746	1828
12700949	12704451	3502
12704725	12706683	1958
12707661	12708680	1019
12708792	12712952	4160
12719045	12744807	25762
12760346	12761840	1494
12807643	12808340	697
12817000	12822787	5787
12840895	12841323	428
12841517	12841895	378
12912530	12916774	4244
12916814	12921008	4194
12921091	12925453	4362
12925611	12929823	4212
12931551	12932340	789
12966590	12967810	1220
12974322	12978607	4285
12978786	12981293	2507
12993757	13000635	6878
13000770	13004107	3337
13004480	13013197	8717
13013276	13019434	6158
13019575	13021312	1737
13021868	13060140	38272
13089803	13090559	756
13096994	13097298	304
13104680	13105220	540
13106807	13109468	2661
13118872	13119288	416
13119294	13120767	1473
13130591	13134804	4213
13142445	13142903	458
13143214	13143622	408
13146636	13146908	272
13158810	13160173	1363
13160527	13163153	2626
13165564	13169551	3987
13176423	13176888	465
13177150	13178978	1828
13180398	13182596	2198
13183849	13191979	8130
13197102	13203295	6193
13210773	13211814	1041
13211925	13212116	191
13212335	13215350	3015
13215839	13216030	191
13216290	13219923	3633
13221397	13222429	1032
13222587	13224545	1958
13224620	13225275	655
13227529	13228521	992
13229832	13230549	717
13232039	13233058	1019
13233798	13234660	862
13236494	13239297	2803
13239989	13241773	1784
13244370	13244561	191
13244848	13244974	126
13246232	13250189	3957
13251509	13257426	5917
13257477	13258644	1167
13259064	13259743	679
13264996	13265876	880
13284927	13286538	1611
13288302	13289021	719
13293009	13293415	406
13305920	13306755	835
13347773	13349020	1247
13349823	13355073	5250
13359901	13361565	1664
13363308	13366189	2881
13366447	13367410	963
13367617	13369021	1404
13370103	13371110	1007
13371427	13373890	2463
13374019	13376404	2385
13376455	13378538	2083
13378902	13382382	3480
13384822	13385403	581
13385848	13387312	1464
13393687	13395131	1444
13395360	13396184	824
13396392	13398664	2272
13398991	13411047	12056
13411141	13411631	490
13412519	13413716	1197
13413783	13414575	792
13415431	13420645	5214
13437895	13442410	4515
13444103	13445651	1548
13447538	13449497	1959
13457497	13458073	576
13458290	13458605	315
13459681	13460183	502
13527841	13528537	696
13529042	13529821	779
13529975	13530736	761
13531074	13531662	588
13532085	13532636	551
13532872	13533454	582
13535291	13535778	487
13542268	13543633	1365
13582569	13583033	464
13595503	13597186	1683
13609974	13610068	94
13632676	13633166	490
13639447	13642602	3155
13642821	13643230	409
13665525	13672967	7442
13708215	13710583	2368
13722161	13723642	1481
13736138	13737030	892
13747609	13747697	88
13747748	13747839	91
13777195	13778124	929
13784713	13785423	710
13790959	13793264	2305
13793521	13799674	6153
13808360	13811474	3114
13812700	13813256	556
13813816	13819826	6010
13821248	13823979	2731
13823980	13827772	3792
13827941	13829741	1800
13831482	13833105	1623
13834250	13835072	822
13839262	13841520	2258
13842888	13843742	854
13843915	13845325	1410
13846752	13847799	1047
13847925	13849223	1298
13849400	13850329	929
13865992	13866690	698
13898828	13904661	5833
13905645	13909212	3567
13909333	13911719	2386
13912083	13912652	569
13920707	13923553	2846
13930322	13931362	1040
13932559	13934692	2133
13944756	13947476	2720
13957539	13963381	5842
13965012	13967018	2006
13967464	13967985	521
13968280	13969976	1696
13972096	13972947	851
13973158	13976769	3611
13977302	13979569	2267
13982743	14001248	18505
14008101	14008820	719
14010565	14010636	71
14013004	14019328	6324
14019395	14020325	930
14021583	14022033	450
14023722	14024099	377
14029262	14031539	2277
14032006	14038306	6300
14047582	14048863	1281
14104483	14107461	2978
14108057	14109447	1390
14109597	14110739	1142
14134491	14160587	26096
14161144	14163222	2078
14163508	14180686	17178
14184478	14234126	49648
14234754	14235156	402
14235318	14236307	989
14241071	14241732	661
14273721	14274454	733
14274821	14278002	3181
14291201	14291817	616
14293275	14295394	2119
14328429	14333860	5431
14338240	14340080	1840
14345915	14346688	773
14347239	14348790	1551
14349070	14349799	729
14352594	14355085	2491
14355468	14356878	1410
14359285	14361303	2018
14362069	14366840	4771
14378218	14381172	2954
14390628	14409549	18921
14409755	14410045	290
14416729	14417331	602
14424315	14425189	874
14428612	14430822	2210
14448409	14449009	600
14450282	14450922	640
14457113	14457338	225
14486040	14486752	712
14490859	14494019	3160
14495878	14495949	71
14496997	14498116	1119
14509913	14512083	2170
14518091	14518161	70
14518307	14518377	70
14518621	14518691	70
14524312	14525656	1344
14530546	14530616	70
14530854	14530924	70
14532484	14533471	987
14547498	14549109	1611
14550395	14550960	565
14557939	14558852	913
14560778	14561355	577
14563015	14563726	711
14576473	14577097	624
14587920	14588234	314
14598859	14598930	71
14599396	14599467	71
14599674	14599745	71
14613258	14613621	363
14615552	14618902	3350
14712471	14713298	827
14713750	14714526	776
14724617	14730177	5560
14732561	14733008	447
14735843	14737067	1224
14737090	14737769	679
14739914	14741138	1224
14741161	14741840	679
14743193	14743879	686
14744421	14744817	396
14744845	14745210	365
14745329	14745538	209
14745871	14746176	305
14746807	14747080	273
14760767	14761924	1157
14761972	14762691	719
14762765	14764065	1300
14765908	14767225	1317
14773814	14774981	1167
14781715	14783110	1395
14783301	14784598	1297
14794516	14796642	2126
14802334	14803293	959
14810761	14812599	1838
14840434	14842209	1775
14842358	14843108	750
14844993	14851749	6756
14870371	14872022	1651
14874376	14876333	1957
14876832	14877136	304
14879050	14881652	2602
14882101	14883721	1620
14885105	14885411	306
14924590	14930565	5975
14974468	14975001	533
14975747	14997559	21812
15006583	15007431	848
15008489	15009724	1235
15009939	15011764	1825
15011815	15012667	852
15026882	15029513	2631
15030928	15031750	822
15036293	15038861	2568
15039488	15043334	3846
15044963	15057862	12899
15058919	15060757	1838
15062931	15070316	7385
15074776	15096915	22139
15109405	15113092	3687
15113480	15118069	4589
15119783	15120819	1036
15128559	15128971	412
15129701	15130205	504
15132306	15132389	83
15159508	15160126	618
15160651	15161083	432
15161882	15200459	38577
15201613	15202092	479
15202259	15203967	1708
15207850	15208768	918
15215222	15216160	938
15228728	15247714	18986
15248879	15254715	5836
15254819	15256304	1485
15257267	15264692	7425
15265245	15272024	6779
15274181	15275091	910
15277797	15279497	1700
15280028	15280449	421
15285000	15286047	1047
15291426	15292239	813
15292468	15294136	1668
15295636	15297699	2063
15297808	15299367	1559
15317954	15318901	947
15333866	15336138	2272
15360921	15361627	706
15396334	15396934	600
15398687	15399003	316
15399560	15399858	298
15400085	15400497	412
15417929	15418361	432
15423297	15425580	2283
15433309	15435304	1995
15435747	15436320	573
15441601	15442314	713
15463254	15463666	412
15468944	15469527	583
15476593	15478260	1667
15484729	15485545	816
15485697	15485951	254
15499127	15505018	5891
15515821	15516727	906
15522002	15523993	1991
15547519	15548243	724
15549869	15550276	407
15550372	15552029	1657
15552723	15583978	31255
15610171	15610746	575
15612494	15613335	841
15613905	15614828	923
15615357	15616351	994
15616997	15617915	918
15622068	15623558	1490
15628678	15629552	874
15630002	15634987	4985
15659041	15659474	433
15661041	15662753	1712
15670174	15671223	1049
15675582	15676102	520
15694038	15694471	433
15696038	15697750	1712
15705171	15706220	1049
15710579	15711099	520
15746257	15747000	743
15748001	15748324	323
15749319	15751078	1759
15751557	15751682	125
15752263	15755900	3637
15756002	15762758	6756
15766133	15768349	2216
15768630	15771159	2529
15771263	15773113	1850
15776442	15776852	410
15784085	15790146	6061
15807181	15810319	3138
15810571	15812141	1570
15822345	15822942	597
15834229	15834416	187
15834569	15835658	1089
15836725	15837444	719
15841010	15841427	417
15846954	15847381	427
15852592	15854110	1518
15854126	15856450	2324
15863200	15863663	463
15864929	15865461	532
15876938	15880156	3218
15882783	15883190	407
15887905	15888583	678
15888640	15893811	5171
15895454	15897071	1617
15898879	15900524	1645
15900935	15902410	1475
15911691	15912062	371
15912558	15913109	551
15916888	15917607	719
15923395	15926287	2892
15941441	15942854	1413
15957858	15959431	1573
15960243	15961190	947
15979486	15981455	1969
15989756	15989957	201
16001785	16002401	616
16002981	16003641	660
16003756	16004292	536
16004325	16005461	1136
16005789	16006279	490
16006300	16006713	413
16042047	16048757	6710
16072835	16073569	734
16094997	16095944	947
16133508	16134412	904
16134714	16135272	558
16135365	16136204	839
16178761	16179188	427
16195000	16195321	321
16195845	16196245	400
16203110	16203476	366
16211459	16213304	1845
16216239	16217044	805
16231475	16241527	10052
16241939	16245559	3620
16245835	16257606	11771
16259414	16261877	2463
16262141	16263483	1342
16263556	16287730	24174
16288290	16291195	2905
16291284	16291948	664
16292010	16293025	1015
16293069	16293721	652
16296051	16299858	3807
16301656	16302954	1298
16305801	16307298	1497
16307346	16309274	1928
16309292	16310726	1434
16313036	16326207	13171
16328059	16329132	1073
16329925	16330521	596
16330560	16337885	7325
16337989	16340368	2379
16340392	16342324	1932
16342430	16352628	10198
16352934	16354539	1605
16354886	16356735	1849
16365903	16367039	1136
16417750	16417884	134
16445278	16446793	1515
16447330	16450508	3178
16450907	16455194	4287
16466512	16485998	19486
16488148	16490182	2034
16490224	16490890	666
16491540	16507621	16081
16528375	16528491	116
16528823	16528922	99
16534057	16534488	431
16534962	16535228	266
16542546	16543263	717
16549181	16549959	778
16605822	16607321	1499
16607370	16610037	2667
16628752	16629173	421
16663454	16676701	13247
16678240	16678335	95
16680054	16681653	1599
16682503	16683290	787
16697344	16697761	417
16697924	16698015	91
16698404	16698488	84
16698554	16698650	96
16698744	16698834	90
16699921	16700825	904
16700940	16703197	2257
16715891	16719635	3744
16719932	16722644	2712
16724795	16724858	63
16728035	16729681	1646
16730458	16731039	581
16731180	16732133	953
16733617	16738388	4771
16742315	16743100	785
16743405	16753704	10299
16758184	16760554	2370
16766566	16788766	22200
16788774	16790721	1947
16791568	16793444	1876
16794211	16796009	1798
16796595	16798273	1678
16799025	16801584	2559
16804884	16816069	11185
16821156	16825207	4051
16832065	16834502	2437
16835136	16837258	2122
16837972	16841884	3912
16842300	16848716	6416
16849018	16852368	3350
16853620	16858714	5094
16860029	16861489	1460
16861497	16862431	934
16869346	16878300	8954
16878326	16879290	964
16879517	16886319	6802
16887109	16887966	857
16888507	16889531	1024
16889908	16891239	1331
16898175	16900473	2298
16900535	16902218	1683
16908229	16910418	2189
16944723	16945374	651
16947610	16950070	2460
16965475	16965767	292
16981867	16982301	434
16982483	16983085	602
16984978	16985634	656
16998327	16998551	224
16998683	16998941	258
17011476	17014700	3224
17017747	17018049	302
17042481	17043165	684
17047161	17048281	1120
17085650	17086419	769
17087641	17089186	1545
17105145	17105687	542
17123307	17125961	2654
17131024	17173118	42094
17173481	17174105	624
17175763	17176385	622
17176618	17177921	1303
17178772	17180064	1292
17180338	17181632	1294
17181938	17183654	1716
17245856	17246617	761
17247161	17247656	495
17280235	17280536	301
17286240	17287663	1423
17291075	17292202	1127
17311468	17311820	352
17319077	17319308	231
17320250	17320712	462
17353730	17354668	938
17354877	17355523	646
17361039	17361511	472
17363496	17364351	855
17367511	17384115	16604
17409698	17410406	708
17411649	17412633	984
17429706	17430157	451
17433862	17435800	1938
17435891	17436600	709
17436830	17450364	13534
17454263	17455923	1660
17456670	17458044	1374
17471603	17474773	3170
17474912	17477888	2976
17478442	17481029	2587
17481988	17484307	2319
17484501	17485624	1123
17485780	17486005	225
17486121	17486365	244
17486597	17486779	182
17497011	17497697	686
17497994	17498821	827
17499268	17501106	1838
17520892	17524549	3657
17525585	17529122	3537
17529311	17532234	2923
17541854	17542383	529
17547185	17547849	664
17554354	17555765	1411
17566370	17566469	99
17574610	17574702	92
17575152	17575490	338
17579478	17580006	528
17583909	17584468	559
17584725	17585095	370
17588203	17588720	517
17589471	17589700	229
17592260	17604387	12127
17606465	17607260	795
17625098	17625690	592
17625746	17626381	635
17627859	17628389	530
17644448	17644844	396
17704681	17706142	1461
17792412	17793694	1282
17811953	17812672	719
17893812	17894734	922
17901807	17902691	884
17902778	17903073	295
17914365	17915023	658
17918552	17919131	579
17939019	17939715	696
17950115	17951740	1625
17963379	17974868	11489
17986399	17988619	2220
17990418	17991951	1533
17993539	17994283	744
18002847	18003083	236
18003368	18003616	248
18006627	18007216	589
18007360	18007842	482
18009643	18011475	1832
18012380	18070246	57866
18078269	18081307	3038
18081628	18083608	1980
18084256	18086714	2458
18090737	18092256	1519
18096568	18098120	1552
18112830	18113179	349
18114547	18115220	673
18124098	18125749	1651
18129884	18138083	8199
18145098	18145499	401
18153123	18154516	1393
18154851	18155942	1091
18157110	18159272	2162
18180884	18185007	4123
18185160	18185857	697
18200336	18201135	799
18208415	18209237	822
18251381	18252697	1316
18256531	18257174	643
18257494	18257978	484
18261073	18262298	1225
18278653	18279475	822
18284845	18285720	875
18290427	18291236	809
18291253	18291462	209
18291682	18292092	410
18292522	18292833	311
18293733	18294056	323
18294840	18297347	2507
18308088	18308684	596
18309187	18309446	259
18309629	18310010	381
18310103	18310502	399
18310879	18311356	477
18313521	18314051	530
18356047	18359026	2979
18378591	18379909	1318
18400462	18401232	770
18403948	18404600	652
18433459	18434096	637
18441335	18443277	1942
18444507	18448957	4450
18449517	18454587	5070
18454649	18455419	770
18471434	18471533	99
18472034	18472111	77
18472315	18472424	109
18472964	18484513	11549
18487747	18503978	16231
18509560	18513512	3952
18523271	18523941	670
18532025	18590342	58317
18590891	18595429	4538
18596136	18596921	785
18599755	18605249	5494
18605928	18606684	756
18606832	18609550	2718
18609576	18612249	2673
18614339	18616106	1767
18651058	18653010	1952
18666892	18671246	4354
18671604	18673285	1681
18673363	18675094	1731
18675183	18676998	1815
18679631	18682075	2444
18683720	18688800	5080
18690904	18695602	4698
18695664	18698571	2907
18700606	18703105	2499
18703473	18704454	981
18704570	18705703	1133
18706010	18708688	2678
18711071	18713748	2677
18732464	18733323	859
18735748	18736130	382
18739320	18740110	790
18740358	18740807	449
18773314	18773837	523
18795824	18796180	356
18804491	18805347	856
18805445	18806205	760
18808694	18811252	2558
18812648	18813941	1293
18819344	18822573	3229
18823548	18826716	3168
18829012	18831153	2141
18831229	18833630	2401
18839628	18841310	1682
18841400	18844579	3179
18845184	18855110	9926
18858028	18859248	1220
18867046	18867161	115
18893611	18896798	3187
18899564	18900494	930
18906124	18906747	623
18916347	18943960	27613
18945700	18946154	454
18946299	18947088	789
18948884	18950973	2089
18951006	18951837	831
18952206	18954431	2225
18954584	18954970	386
18955481	18957311	1830
18957732	18968744	11012
18971993	18974448	2455
18977519	18987280	9761
18988268	18990233	1965
18991020	18992409	1389
18993360	18995934	2574
18997448	19002713	5265
19008611	19008683	72
19010866	19011532	666
19011902	19012254	352
19019396	19019871	475
19022417	19023646	1229
19023671	19024440	769
19027710	19030780	3070
19030844	19033498	2654
19034444	19041541	7097
19043535	19045148	1613
19045355	19048817	3462
19049843	19051612	1769
19051790	19053681	1891
19054078	19058821	4743
19059129	19063132	4003
19063295	19064726	1431
19064929	19069673	4744
19071131	19074149	3018
19074992	19075412	420
19077276	19079028	1752
19102044	19102909	865
19108785	19109883	1098
19110154	19114110	3956
19116483	19120306	3823
19121345	19123869	2524
19123998	19126976	2978
19127260	19129326	2066
19129469	19131954	2485
19157868	19159299	1431
19179749	19181702	1953
19181965	19182810	845
19183070	19183696	626
19183863	19185726	1863
19186043	19189938	3895
19190342	19208621	18279
19217407	19218135	728
19259432	19262240	2808
19262470	19263057	587
19269114	19272861	3747
19298345	19299933	1588
19300255	19301600	1345
19322938	19326106	3168
19327367	19327963	596
19338669	19363227	24558
19364375	19365470	1095
19370445	19372711	2266
19380930	19383093	2163
19383138	19386205	3067
19387050	19390075	3025
19394160	19396190	2030
19403535	19403568	33
19417447	19418274	827
19418317	19419029	712
19419075	19419767	692
19424050	19429224	5174
19430643	19432444	1801
19432574	19435841	3267
19442833	19444750	1917
19447365	19453490	6125
19454256	19457723	3467
19464267	19467758	3491
19469126	19469894	768
19470065	19470724	659
19470844	19471627	783
19482232	19484705	2473
19484930	19486532	1602
19488682	19490104	1422
19493251	19497978	4727
19498168	19502268	4100
19502335	19508764	6429
19508953	19517204	8251
19517992	19518632	640
19525434	19526368	934
19526910	19530305	3395
19535448	19536104	656
19537965	19538223	258
19538425	19539740	1315
19540607	19541540	933
19545376	19546959	1583
19548507	19556451	7944
19558047	19563049	5002
19563930	19565158	1228
19565863	19567359	1496
19569490	19569561	71
19569897	19569972	75
19570182	19570264	82
19579093	19580351	1258
19580612	19582474	1862
19582823	19583990	1167
19584235	19586440	2205
19600697	19605490	4793
19642330	19642601	271
19699379	19700968	1589
19732080	19735980	3900
19736044	19737088	1044
19740839	19742506	1667
19742817	19756904	14087
19757245	19758615	1370
19758879	19760986	2107
19761587	19764136	2549
19765776	19769067	3291
19774874	19791882	17008
19792773	19795851	3078
19810734	19810875	141
19811948	19812074	126
19812646	19812836	190
19813704	19814532	828
19815614	19815805	191
19816414	19816540	126
19890201	19892550	2349
19910648	19911811	1163
19911815	19912377	562
19912938	19913516	578
19919845	19921926	2081
19922964	19923574	610
19933636	19934317	681
19958713	19960065	1352
19960069	19961030	961
19961224	19961685	461
19961758	19962352	594
19962679	19963844	1165
19965664	19966510	846
19966727	19967685	958
19978829	19979723	894
20000122	20000448	326
20024975	20025811	836
20027915	20056373	28458
20058163	20061370	3207
20064261	20065679	1418
20068793	20069318	525
20070081	20072195	2114
20073719	20075458	1739
20079270	20085070	5800
20089636	20091348	1712
20093088	20093849	761
20093972	20096253	2281
20096329	20097253	924
20097581	20103375	5794
20103386	20104150	764
20133755	20134923	1168
20248039	20248872	833
20248928	20249722	794
20253816	20254449	633
20255988	20257192	1204
20263419	20264424	1005
20294693	20295804	1111
20296643	20297299	656
20316005	20317623	1618
20348393	20350012	1619
20353482	20353582	100
20372409	20374083	1674
20376981	20382356	5375
20385293	20414800	29507
20415173	20416918	1745
20418348	20418481	133
20418523	20418654	131
20418670	20418804	134
20418834	20418967	133
20418997	20419133	136
20419145	20419281	136
20419303	20419430	127
20419456	20419585	129
20419626	20419756	130
20419774	20419908	134
20419932	20420065	133
20421151	20421274	123
20421304	20421438	134
20421475	20421600	125
20421617	20421752	135
20421781	20421909	128
20421928	20422063	135
20423106	20424660	1554
20437264	20438701	1437
20447734	20449964	2230
20456847	20459075	2228
20461585	20463444	1859
20472793	20473385	592
20476711	20478920	2209
20487441	20487531	90
20487976	20488777	801
20489308	20490282	974
20495030	20495758	728
20513832	20514546	714
20531066	20531833	767
20539393	20539974	581
20562298	20562448	150
20603535	20604196	661
20607043	20607847	804
20614522	20615559	1037
20616617	20616714	97
20618366	20618462	96
20634515	20635167	652
20639015	20639578	563
20640121	20640718	597
20640917	20642216	1299
20642306	20643244	938
20643351	20645791	2440
20645822	20647381	1559
20647817	20647891	74
20648051	20648125	74
20648282	20648356	74
20648912	20650079	1167
20650755	20656178	5423
20664882	20668605	3723
20678921	20681846	2925
20710096	20711006	910
20711202	20712300	1098
20721914	20722462	548
20724209	20726551	2342
20727151	20730282	3131
20730416	20734309	3893
20750934	20752341	1407
20754579	20757985	3406
20758144	20768053	9909
20770731	20783135	12404
20794806	20795255	449
20797715	20814331	16616
20814337	20816240	1903
20816456	20817270	814
20817815	20818532	717
20820089	20820867	778
20822828	20827744	4916
20829609	20831161	1552
20832849	20835840	2991
20836621	20837985	1364
20847844	20848143	299
20849300	20850987	1687
20856987	20857891	904
20858695	20861014	2319
20862547	20863775	1228
20865215	20867709	2494
20867755	20869650	1895
20874114	20875540	1426
20901134	20901524	390
20919094	20922876	3782
20923955	20924534	579
20924975	20926147	1172
20926319	20927860	1541
20929456	20934113	4657
20947135	20948170	1035
20965520	21052164	86644
21057706	21071502	13796
21075405	21081053	5648
21081127	21082494	1367
21082643	21084326	1683
21084605	21086506	1901
21086790	21088751	1961
21089375	21090999	1624
21091227	21094864	3637
21096922	21098932	2010
21102743	21104321	1578
21106805	21107306	501
21134439	21142347	7908
21143854	21143941	87
21145137	21148546	3409
21157433	21158611	1178
21160636	21163083	2447
21163871	21164271	400
21168570	21173185	4615
21173222	21174179	957
21177040	21177176	136
21178410	21179729	1319
21182446	21198762	16316
21199045	21200375	1330
21201493	21202802	1309
21206493	21211818	5325
21215036	21215178	142
21216004	21218544	2540
21221312	21232059	10747
21232745	21234035	1290
21237250	21259675	22425
21261168	21262411	1243
21263933	21264034	101
21282811	21284273	1462
21290734	21297686	6952
21310866	21319527	8661
21319600	21320320	720
21326660	21327114	454
21331756	21342155	10399
21344607	21358271	13664
21361216	21367288	6072
21367908	21369706	1798
21371227	21377995	6768
21380000	21393319	13319
21404181	21404495	314
21404963	21405277	314
21405668	21405970	302
21416953	21417975	1022
21418112	21418706	594
21418835	21419167	332
21419531	21419943	412
21420129	21420657	528
21421855	21422877	1022
21423014	21423608	594
21423876	21423911	35
21424593	21425005	412
21425193	21425721	528
21426916	21427938	1022
21428075	21428669	594
21428850	21429289	439
21429655	21430066	411
21430255	21430783	528
21431963	21432985	1022
21433122	21433716	594
21433984	21434019	35
21434703	21435115	412
21435299	21435827	528
21437011	21438033	1022
21438170	21438764	594
21438893	21439225	332
21439589	21440001	412
21440187	21440715	528
21451052	21452074	1022
21452211	21452805	594
21453073	21453108	35
21453790	21454202	412
21454388	21454916	528
21456113	21457135	1022
21457272	21457866	594
21458134	21458169	35
21458853	21459265	412
21459447	21459975	528
21461173	21462195	1022
21462332	21462926	594
21463194	21463229	35
21463913	21464325	412
21464507	21465035	528
21466216	21467238	1022
21467375	21467969	594
21468237	21468272	35
21468956	21469368	412
21469550	21470078	528
21471259	21472281	1022
21472418	21473012	594
21473280	21473315	35
21473999	21474411	412
21474593	21475121	528
21476302	21477324	1022
21477461	21478055	594
21478323	21478358	35
21479042	21479454	412
21479636	21480164	528
21481345	21482367	1022
21482504	21483098	594
21483366	21483401	35
21484085	21484497	412
21484681	21485209	528
21486496	21487518	1022
21487655	21488249	594
21488517	21488552	35
21489234	21489646	412
21489830	21490358	528
21491541	21492563	1022
21492700	21493294	594
21493562	21493597	35
21494279	21494691	412
21494875	21495403	528
21496586	21497608	1022
21497745	21498339	594
21498607	21498642	35
21499324	21499736	412
21499920	21500448	528
21501633	21502655	1022
21502798	21503392	594
21503660	21503695	35
21504377	21504789	412
21504973	21505501	528
21506684	21507706	1022
21507843	21508437	594
21508705	21508740	35
21509422	21509834	412
21510018	21510546	528
21511728	21512750	1022
21512887	21513481	594
21513749	21513784	35
21514466	21514878	412
21515062	21515590	528
21516773	21517795	1022
21517932	21518526	594
21518794	21518829	35
21519556	21520083	527
21520109	21520637	528
21521616	21522638	1022
21522775	21523369	594
21523637	21523672	35
21524399	21524926	527
21524952	21525480	528
21526459	21527481	1022
21527618	21528212	594
21528480	21528515	35
21529242	21529769	527
21529795	21530323	528
21531302	21532324	1022
21532461	21533055	594
21533323	21533358	35
21534085	21534610	525
21534636	21535164	528
21536346	21537368	1022
21537505	21538099	594
21538367	21538402	35
21539129	21541127	1998
21541153	21541681	528
21542864	21543688	824
21573389	21577103	3714
21577205	21577676	471
21578292	21589423	11131
21589784	21590593	809
21614232	21624080	9848
21624679	21626190	1511
21628462	21628976	514
21632587	21647964	15377
21657625	21658249	624
21658735	21663698	4963
21663806	21677530	13724
21680670	21680700	30
21684106	21729051	44945
21740041	21757466	17425
21758010	21761000	2990
21782046	21784065	2019
21798043	21799112	1069
21819490	21822313	2823
21828593	21837011	8418
21864946	21866291	1345
21866854	21868020	1166
21869956	21870652	696
21889758	21891095	1337
21894227	21895350	1123
21896666	21898289	1623
21902993	21903739	746
21906289	21908319	2030
21914269	21915358	1089
21916300	21920324	4024
21930317	21931809	1492
21949849	21950521	672
21950874	21951163	289
21957820	21958360	540
21958463	21959111	648
21959599	21959980	381
21981480	21992933	11453
21999734	22000420	686
22015190	22017334	2144
22019208	22020254	1046
22032625	22033798	1173
22037860	22039772	1912
22040727	22043877	3150
22053834	22054302	468
22064604	22065343	739
22066517	22067170	653
22071144	22072902	1758
22079632	22080738	1106
22102626	22104401	1775
22104891	22105512	621
22106862	22107304	442
22108964	22110449	1485
22124285	22130142	5857
22131026	22131127	101
22131221	22132435	1214
22151623	22152640	1017
22165720	22169143	3423
22169668	22170204	536
22175415	22183991	8576
22189526	22214376	24850
22226152	22226771	619
22239183	22239713	530
22239916	22246988	7072
22247111	22247875	764
22249876	22258260	8384
22340622	22341291	669
22428190	22428325	135
22430400	22441183	10783
22442796	22449027	6231
22471804	22478575	6771
22644036	22644527	491
22690251	22691008	757
22736952	22747273	10321
22817527	22835867	18340
22841770	22843208	1438
22874548	22885683	11135
22892306	22918647	26341
22959606	22961118	1512
22961737	22963456	1719