1	1	22427
2	22428	26308
1	26309	53872
2	53873	54751
1	54752	66429
2	66430	68995
1	68996	69137
2	69138	69894
1	69895	70850
2	70851	71396
1	71397	72195
2	72196	73101
1	73102	73944
2	73945	75332
1	75333	97627
2	97628	98375
1	98376	125008
2	125009	125420
2	125421	125833
1	125834	127320
2	127321	127666
1	127667	129449
2	129450	145895
1	145896	146432
2	146433	149056
1	149057	149678
2	149679	152589
1	152590	157817
2	157818	158211
1	158212	175111
2	175112	176228
1	176229	176305
2	176306	178963
1	178964	182521
2	182522	184422
1	184423	184625
2	184626	186310
1	186311	187206
2	187207	199762
1	199763	203729
2	203730	205309
1	205310	207183
2	207184	211457
1	211458	211635
2	211636	212687
1	212688	212708
2	212709	216479
1	216480	216624
2	216625	216931
1	216932	218067
2	218068	218663
1	218664	224105
2	224106	230964
1	230965	230970
2	230971	231604
1	231605	231680
2	231681	232350
1	232351	232479
2	232480	233351
1	233352	233925
2	233926	246912
1	246913	250228
2	250229	257954
1	257955	259969
2	259970	260280
1	260281	261802
2	261803	261953
1	261954	265594
2	265595	265908
1	265909	267298
2	267299	270336
1	270337	272209
2	272210	273391
1	273392	275154
2	275155	276667
1	276668	277436
2	277437	305292
1	305293	317083
2	317084	317789
1	317790	321232
2	321233	324720
1	324721	324984
2	324985	327992
1	327993	329821
2	329822	332309
1	332310	332800
2	332801	342915
1	342916	343377
2	343378	346957
1	346958	356421
2	356422	357664
1	357665	357980
2	357981	358486
1	358487	365663
2	365664	366437
1	366438	391980
2	391981	393255
1	393256	393593
2	393594	394299
1	394300	433145
2	433146	433906
1	433907	434854
2	434855	434918
1	434919	500013
2	500014	500451
1	500452	500964
2	500965	501400
1	501401	527231
2	527232	527578
1	527579	527670
2	527671	528129
1	528130	528336
2	528337	528996
1	528997	542121
2	542122	542931
1	542932	543059
2	543060	581099
1	581100	581336
2	581337	582810
1	582811	582823
2	582824	589274
1	589275	599093
2	599094	604008
1	604009	605164
2	605165	606569
1	606570	609178
2	609179	609620
1	609621	615626
2	615627	616646
1	616647	620694
2	620695	622316
1	622317	637485
2	637486	638568
1	638569	642207
2	642208	642288
1	642289	648554
2	648555	651311
1	651312	651541
2	651542	652881
1	652882	652986
2	652987	654089
1	654090	654362
2	654363	657971
1	657972	677878
2	677879	680326
1	680327	680435
2	680436	682470
1	682471	682884
2	682885	685549
1	685550	685941
2	685942	687958
1	687959	688522
2	688523	690081
1	690082	691485
2	691486	692919
1	692920	693082
2	693083	699144
1	699145	705329
2	705330	705723
1	705724	705947
2	705948	708205
1	708206	708600
2	708601	710607
1	710608	710819
2	710820	711850
1	711851	714215
2	714216	714530
1	714531	737051
2	737052	737479
1	737480	743722
2	743723	743794
1	743795	749399
2	749400	753492
1	753493	769502
2	769503	769600
1	769601	770362
2	770363	770462
1	770463	803426
2	803427	804051
1	804052	813299
2	813300	814487
1	814488	820758
2	820759	821514
1	821515	827074
2	827075	827144
1	827145	827311
2	827312	827383
1	827384	827536
2	827537	827620
1	827621	827763
2	827764	827843
1	827844	829921
2	829922	829992
1	829993	830436
2	830437	830511
1	830512	831869
2	831870	832008
1	832009	832486
2	832487	832639
1	832640	833061
2	833062	833209
1	833210	834092
2	834093	835515
1	835516	836666
2	836667	837821
1	837822	837860
2	837861	839931
1	839932	839979
2	839980	841360
1	841361	841450
2	841451	843701
1	843702	843925
2	843926	851080
1	851081	851345
2	851346	852673
1	852674	852719
2	852720	857248
1	857249	865395
2	865396	871701
1	871702	877290
2	877291	882013
1	882014	890269
2	890270	890490
1	890491	891249
2	891250	891475
1	891476	895950
2	895951	897364
1	897365	897379
2	897380	898772
1	898773	902897
2	902898	903810
1	903811	909111
2	909112	912319
1	912320	914073
2	914074	993788
1	993789	993982
2	993983	995703
1	995704	1034696
2	1034697	1036298
1	1036299	1036368
2	1036369	1101089
1	1101090	1140428
2	1140429	1177276
1	1177277	1190383
2	1190384	1193173
1	1193174	1194738
2	1194739	1195302
1	1195303	1196316
2	1196317	1199339
1	1199340	1201870
2	1201871	1203036
1	1203037	1203315
2	1203316	1204795
1	1204796	1207370
2	1207371	1207981
1	1207982	1210716
2	1210717	1211196
1	1211197	1212826
2	1212827	1213406
1	1213407	1218081
2	1218082	1218696
1	1218697	1227746
2	1227747	1228238
1	1228239	1232881
2	1232882	1234015
1	1234016	1234129
2	1234130	1235420
1	1235421	1235471
2	1235472	1235702
1	1235703	1237132
2	1237133	1238319
1	1238320	1241567
2	1241568	1245910
1	1245911	1246072
2	1246073	1246923
1	1246924	1246985
2	1246986	1247677
1	1247678	1247816
2	1247817	1250451
1	1250452	1250695
2	1250696	1251778
1	1251779	1252011
2	1252012	1255986
1	1255987	1256448
2	1256449	1274498
1	1274499	1275955
2	1275956	1295699
1	1295700	1295912
2	1295913	1298497
1	1298498	1298671
2	1298672	1300389
1	1300390	1300878
2	1300879	1302683
1	1302684	1302943
2	1302944	1304717
1	1304718	1311718
2	1311719	1313377
1	1313378	1313695
2	1313696	1318330
1	1318331	1321791
2	1321792	1322806
1	1322807	1322876
2	1322877	1324221
1	1324222	1329948
2	1329949	1331631
1	1331632	1332306
2	1332307	1333146
1	1333147	1334888
2	1334889	1339415
1	1339416	1339459
2	1339460	1342403
1	1342404	1351115
2	1351116	1352853
1	1352854	1379933
2	1379934	1380005
1	1380006	1380237
2	1380238	1380309
1	1380310	1380528
2	1380529	1380600
1	1380601	1397694
2	1397695	1397766
1	1397767	1397931
2	1397932	1398003
1	1398004	1398168
2	1398169	1398240
1	1398241	1398405
2	1398406	1398477
1	1398478	1401439
2	1401440	1401511
1	1401512	1401780
2	1401781	1401852
1	1401853	1411087
2	1411088	1413089
1	1413090	1416230
2	1416231	1417933
1	1417934	1421198
2	1421199	1423471
1	1423472	1434335
2	1434336	1437872
1	1437873	1460702
2	1460703	1462801
1	1462802	1463810
2	1463811	1468944
1	1468945	1470849
2	1470850	1472060
1	1472061	1477618
2	1477619	1478369
1	1478370	1488738
2	1488739	1488831
1	1488832	1488905
2	1488906	1489045
1	1489046	1490950
2	1490951	1496643
1	1496644	1498871
2	1498872	1498996
1	1498997	1503225
2	1503226	1517271
1	1517272	1529438
2	1529439	1531259
1	1531260	1534928
2	1534929	1536835
1	1536836	1537136
2	1537137	1544823
1	1544824	1544827
2	1544828	1545743
1	1545744	1553492
2	1553493	1555315
1	1555316	1565391
2	1565392	1567802
1	1567803	1569180
2	1569181	1576330
1	1576331	1600725
2	1600726	1602674
1	1602675	1610695
2	1610696	1615801
1	1615802	1617347
2	1617348	1618158
1	1618159	1618413
2	1618414	1620397
1	1620398	1625790
2	1625791	1628377
1	1628378	1630347
2	1630348	1637752
1	1637753	1637941
2	1637942	1639235
1	1639236	1639710
2	1639711	1640952
1	1640953	1641065
2	1641066	1645199
1	1645200	1645930
2	1645931	1647464
1	1647465	1647868
2	1647869	1648612
1	1648613	1651431
2	1651432	1652900
1	1652901	1653004
2	1653005	1654112
1	1654113	1654246
2	1654247	1665064
1	1665065	1666436
2	1666437	1666522
1	1666523	1666664
2	1666665	1666745
1	1666746	1666891
2	1666892	1666964
1	1666965	1667191
2	1667192	1668654
1	1668655	1668900
2	1668901	1670108
1	1670109	1670406
2	1670407	1672727
1	1672728	1694616
2	1694617	1696412
1	1696413	1700955
2	1700956	1702407
1	1702408	1720615
2	1720616	1723153
1	1723154	1724389
2	1724390	1725647
1	1725648	1730992
2	1730993	1735767
1	1735768	1735852
2	1735853	1738106
1	1738107	1738406
2	1738407	1745421
1	1745422	1752327
2	1752328	1755934
1	1755935	1759171
2	1759172	1771758
1	1771759	1773604
2	1773605	1775108
1	1775109	1777009
2	1777010	1777411
1	1777412	1777438
2	1777439	1778347
1	1778348	1789630
2	1789631	1795328
1	1795329	1797304
2	1797305	1798610
1	1798611	1802007
2	1802008	1802856
1	1802857	1806042
2	1806043	1806932
1	1806933	1807545
2	1807546	1807855
1	1807856	1810587
2	1810588	1822903
1	1822904	1824128
2	1824129	1831783
1	1831784	1832635
2	1832636	1835164
1	1835165	1840280
2	1840281	1842084
1	1842085	1850914
2	1850915	1855591
1	1855592	1857164
2	1857165	1859047
1	1859048	1859114
2	1859115	1862239
1	1862240	1862880
2	1862881	1865240
1	1865241	1865429
2	1865430	1869491
1	1869492	1870018
2	1870019	1871564
1	1871565	1871573
2	1871574	1876312
1	1876313	1876550
2	1876551	1883041
1	1883042	1883794
2	1883795	1885019
1	1885020	1885656
2	1885657	1891462
1	1891463	1893407
2	1893408	1910197
1	1910198	1925640
2	1925641	1925712
1	1925713	1933632
2	1933633	1939103
1	1939104	1939241
2	1939242	1940458
1	1940459	1942733
2	1942734	1947475
1	1947476	1947564
2	1947565	1950262
1	1950263	1966724
2	1966725	1970079
1	1970080	1970190
2	1970191	1971200
1	1971201	1971637
2	1971638	1974285
1	1974286	2003108
2	2003109	2005651
1	2005652	2008721
2	2008722	2010751
1	2010752	2020553
2	2020554	2021958
1	2021959	2022069
2	2022070	2023391
1	2023392	2026990
2	2026991	2028326
1	2028327	2037370
2	2037371	2038224
1	2038225	2088165
2	2088166	2089626
1	2089627	2117465
2	2117466	2151700
1	2151701	2153200
2	2153201	2163863
1	2163864	2167549
2	2167550	2169108
1	2169109	2169552
2	2169553	2170971
1	2170972	2171643
2	2171644	2172773
1	2172774	2172994
2	2172995	2174332
1	2174333	2185929
2	2185930	2187676
1	2187677	2189159
2	2189160	2192221
1	2192222	2197012
2	2197013	2198089
1	2198090	2210872
2	2210873	2212503
1	2212504	2229645
2	2229646	2235253
1	2235254	2235283
2	2235284	2237076
1	2237077	2237607
2	2237608	2243719
1	2243720	2244477
2	2244478	2248614
1	2248615	2248634
2	2248635	2252729
1	2252730	2252743
2	2252744	2257423
1	2257424	2258838
2	2258839	2262664
1	2262665	2263580
2	2263581	2265857
1	2265858	2266393
2	2266394	2267640
1	2267641	2267857
2	2267858	2268590
1	2268591	2269880
2	2269881	2272769
1	2272770	2273743
2	2273744	2273815
1	2273816	2276549
2	2276550	2278038
1	2278039	2282882
2	2282883	2300944
1	2300945	2317130
2	2317131	2317600
1	2317601	2319385
2	2319386	2319919
1	2319920	2322692
2	2322693	2345799
1	2345800	2360556
2	2360557	2362686
1	2362687	2367842
2	2367843	2371939
1	2371940	2372843
2	2372844	2373704
1	2373705	2376483
2	2376484	2377556
1	2377557	2389582
2	2389583	2390989
1	2390990	2474666
2	2474667	2475614
1	2475615	2476258
2	2476259	2478448
1	2478449	2488803
2	2488804	2492613
1	2492614	2499371
2	2499372	2503606
1	2503607	2503788
2	2503789	2504397
1	2504398	2517160
2	2517161	2518402
1	2518403	2525798
2	2525799	2526973
1	2526974	2554846
2	2554847	2586540
1	2586541	2587455
2	2587456	2588883
1	2588884	2589413
2	2589414	2595590
1	2595591	2599296
2	2599297	2600242
1	2600243	2629833
2	2629834	2630693
1	2630694	2631714
2	2631715	2641984
1	2641985	2642183
2	2642184	2643424
1	2643425	2645367
2	2645368	2647192
1	2647193	2650160
2	2650161	2651850
1	2651851	2659638
2	2659639	2661501
1	2661502	2661621
2	2661622	2663622
1	2663623	2739749
2	2739750	2740228
1	2740229	2766998
2	2766999	2768392
1	2768393	2768465
2	2768466	2772325
1	2772326	2772559
2	2772560	2774007
1	2774008	2774337
2	2774338	2780677
1	2780678	2780898
2	2780899	2782105
1	2782106	2782254
2	2782255	2786010
1	2786011	2786206
2	2786207	2879158
1	2879159	2882813
2	2882814	2883400
1	2883401	2883640
2	2883641	2892166
1	2892167	2915023
2	2915024	2916654
1	2916655	2950173
2	2950174	2951618
1	2951619	2959721
2	2959722	2961049
1	2961050	2961533
2	2961534	2963788
1	2963789	2975517
2	2975518	2976203
1	2976204	2981021
2	2981022	2983551
1	2983552	2995171
2	2995172	2996155
1	2996156	3001715
2	3001716	3011860
1	3011861	3014760
2	3014761	3016069
1	3016070	3016149
2	3016150	3017256
1	3017257	3024128
2	3024129	3026521
1	3026522	3035195
2	3035196	3040469
1	3040470	3044112
2	3044113	3046812
1	3046813	3047086
2	3047087	3050159
1	3050160	3050322
2	3050323	3051765
1	3051766	3052513
2	3052514	3054906
1	3054907	3055078
2	3055079	3055842
1	3055843	3055907
2	3055908	3070839
1	3070840	3071132
2	3071133	3090406
1	3090407	3090800
2	3090801	3090923
1	3090924	3095736
2	3095737	3095808
1	3095809	3095990
2	3095991	3096062
1	3096063	3096368
2	3096369	3096440
1	3096441	3096603
2	3096604	3096676
1	3096677	3096890
2	3096891	3096963
1	3096964	3097518
2	3097519	3097590
1	3097591	3110127
2	3110128	3111227
1	3111228	3111298
2	3111299	3114248
1	3114249	3121941
2	3121942	3122014
1	3122015	3128033
2	3128034	3143457
1	3143458	3143807
2	3143808	3145284
1	3145285	3145404
2	3145405	3148358
1	3148359	3148645
2	3148646	3158408
1	3158409	3158484
2	3158485	3159578
1	3159579	3159990
2	3159991	3162019
1	3162020	3165180
2	3165181	3169080
1	3169081	3169374
2	3169375	3170913
1	3170914	3171613
2	3171614	3172545
1	3172546	3172816
2	3172817	3178580
1	3178581	3184403
2	3184404	3186549
1	3186550	3186663
2	3186664	3187245
1	3187246	3188024
2	3188025	3189747
1	3189748	3190621
2	3190622	3192491
1	3192492	3197044
2	3197045	3197631
1	3197632	3197862
2	3197863	3199047
1	3199048	3202237
2	3202238	3203162
1	3203163	3203674
2	3203675	3204448
1	3204449	3204599
2	3204600	3205449
1	3205450	3205538
2	3205539	3206363
1	3206364	3206948
2	3206949	3208985
1	3208986	3210991
2	3210992	3218920
1	3218921	3221349
2	3221350	3221427
1	3221428	3221770
2	3221771	3221847
1	3221848	3222049
2	3222050	3222116
1	3222117	3222262
2	3222263	3222329
1	3222330	3222474
2	3222475	3222541
1	3222542	3223340
2	3223341	3224650
1	3224651	3224837
2	3224838	3236604
1	3236605	3236804
2	3236805	3239578
1	3239579	3243273
2	3243274	3244294
1	3244295	3244905
2	3244906	3245340
1	3245341	3248014
2	3248015	3249044
1	3249045	3251021
2	3251022	3251118
1	3251119	3257877
2	3257878	3268184
1	3268185	3268460
2	3268461	3268994
1	3268995	3271035
2	3271036	3276255
1	3276256	3280238
2	3280239	3290896
1	3290897	3291458
2	3291459	3299000
1	3299001	3299054
2	3299055	3299151
1	3299152	3299335
2	3299336	3303112
1	3303113	3303707
2	3303708	3314009
1	3314010	3314348
2	3314349	3314681
1	3314682	3314995
2	3314996	3315355
1	3315356	3315619
2	3315620	3315942
1	3315943	3316780
2	3316781	3317144
1	3317145	3318027
2	3318028	3319232
1	3319233	3326264
2	3326265	3328626
1	3328627	3329280
2	3329281	3329597
1	3329598	3333118
2	3333119	3334978
1	3334979	3335578
2	3335579	3335788
1	3335789	3336031
2	3336032	3336418
1	3336419	3336859
2	3336860	3368133
1	3368134	3369555
2	3369556	3369942
1	3369943	3370450
2	3370451	3374170
1	3374171	3374281
2	3374282	3376649
1	3376650	3376756
2	3376757	3377992
1	3377993	3378267
2	3378268	3380083
1	3380084	3394087
2	3394088	3394607
1	3394608	3412144
2	3412145	3412251
1	3412252	3428657
2	3428658	3460977
1	3460978	3461316
2	3461317	3466303
1	3466304	3468022
2	3468023	3471309
1	3471310	3471554
2	3471555	3472113
1	3472114	3483831
2	3483832	3484653
1	3484654	3510973
2	3510974	3512681
1	3512682	3522849
2	3522850	3523620
1	3523621	3593822
2	3593823	3593893
1	3593894	3612191
2	3612192	3615244
1	3615245	3615381
2	3615382	3616682
1	3616683	3620432
2	3620433	3621032
1	3621033	3653404
2	3653405	3654771
1	3654772	3659067
2	3659068	3659724
1	3659725	3688785
2	3688786	3689409
1	3689410	3693751
2	3693752	3694227
1	3694228	3708562
2	3708563	3708997
1	3708998	3714026
2	3714027	3714717
1	3714718	3753692
2	3753693	3755201
1	3755202	3790803
2	3790804	3791560
1	3791561	3803831
2	3803832	3806459
1	3806460	3806709
2	3806710	3809090
1	3809091	3809145
2	3809146	3810196
1	3810197	3810311
2	3810312	3811114
1	3811115	3811262
2	3811263	3813958
1	3813959	3814697
2	3814698	3815240
1	3815241	3815441
2	3815442	3815758
1	3815759	3815838
2	3815839	3816354
1	3816355	3825448
2	3825449	3828525
1	3828526	3846205
2	3846206	3861692
1	3861693	3863703
2	3863704	3864424
1	3864425	3884480
2	3884481	3884801
1	3884802	3891645
2	3891646	3891963
1	3891964	3893055
2	3893056	3893330
1	3893331	3894998
2	3894999	3896603
1	3896604	3897443
2	3897444	3899156
1	3899157	3899258
2	3899259	3903184
1	3903185	3903491
2	3903492	3905035
1	3905036	3905343
2	3905344	3907813
1	3907814	3907851
2	3907852	3909931
1	3909932	3934717
2	3934718	3935992
1	3935993	3936059
2	3936060	3937992
1	3937993	3938623
2	3938624	3940125
1	3940126	3941007
2	3941008	3942465
1	3942466	3942709
2	3942710	3947278
1	3947279	3947890
2	3947891	3948687
1	3948688	3948698
2	3948699	3949305
1	3949306	3951192
2	3951193	3952550
1	3952551	3954250
2	3954251	3964771
1	3964772	3972898
2	3972899	3973784
1	3973785	3983895
2	3983896	3994003
1	3994004	4003473
2	4003474	4006626
1	4006627	4018877
2	4018878	4021279
1	4021280	4022973
2	4022974	4026011
1	4026012	4026768
2	4026769	4028600
1	4028601	4028604
2	4028605	4032032
1	4032033	4034029
2	4034030	4034750
1	4034751	4037522
2	4037523	4040482
1	4040483	4040528
2	4040529	4042597
1	4042598	4046987
2	4046988	4047735
1	4047736	4059769
2	4059770	4061923
1	4061924	4069368
2	4069369	4070281
1	4070282	4072031
2	4072032	4073954
1	4073955	4087580
2	4087581	4092706
1	4092707	4094342
2	4094343	4103256
1	4103257	4103563
2	4103564	4107116
1	4107117	4107142
2	4107143	4107470
1	4107471	4108185
2	4108186	4114157
1	4114158	4114288
2	4114289	4122388
1	4122389	4122906
2	4122907	4134550
1	4134551	4134859
2	4134860	4136038
1	4136039	4136358
2	4136359	4138996
1	4138997	4139075
2	4139076	4141398
1	4141399	4141466
2	4141467	4142070
1	4142071	4142363
2	4142364	4145966
1	4145967	4148695
2	4148696	4152473
1	4152474	4153617
2	4153618	4160932
1	4160933	4161665
2	4161666	4167464
1	4167465	4168238
2	4168239	4168846
1	4168847	4170403
2	4170404	4173789
1	4173790	4174858
2	4174859	4178270
1	4178271	4182644
2	4182645	4184663
1	4184664	4186017
2	4186018	4186865
1	4186866	4188498
2	4188499	4193788
1	4193789	4200824
2	4200825	4204339
1	4204340	4207837
2	4207838	4209178
1	4209179	4210879
2	4210880	4211540
1	4211541	4211963
2	4211964	4212915
1	4212916	4215378
2	4215379	4216414
1	4216415	4221703
2	4221704	4222734
1	4222735	4224005
2	4224006	4236147
1	4236148	4240172
2	4240173	4242603
1	4242604	4242733
2	4242734	4246233
1	4246234	4246342
2	4246343	4254306
1	4254307	4255990
2	4255991	4259152
1	4259153	4261296
2	4261297	4262470
1	4262471	4262704
2	4262705	4263464
1	4263465	4266788
2	4266789	4267503
1	4267504	4281503
2	4281504	4282817
1	4282818	4282955
2	4282956	4283478
1	4283479	4283850
2	4283851	4286865
1	4286866	4287037
2	4287038	4288349
1	4288350	4291207
2	4291208	4292246
1	4292247	4292481
2	4292482	4293432
1	4293433	4294003
2	4294004	4307718
1	4307719	4313482
2	4313483	4318608
1	4318609	4321104
2	4321105	4322259
1	4322260	4345800
2	4345801	4347801
1	4347802	4364549
2	4364550	4365243
1	4365244	4366493
2	4366494	4367458
1	4367459	4377367
2	4377368	4377999
1	4378000	4380863
2	4380864	4381629
1	4381630	4384441
2	4384442	4403181
1	4403182	4405126
2	4405127	4406059
1	4406060	4406942
2	4406943	4420648
1	4420649	4421661
2	4421662	4426621
1	4426622	4429348
2	4429349	4435993
1	4435994	4436720
2	4436721	4438311
1	4438312	4445995
2	4445996	4446395
1	4446396	4446572
2	4446573	4448072
1	4448073	4457176
2	4457177	4458163
1	4458164	4459192
2	4459193	4460317
1	4460318	4460621
2	4460622	4461504
1	4461505	4462973
2	4462974	4463823
1	4463824	4465104
2	4465105	4466630
1	4466631	4470000
2	4470001	4471012
1	4471013	4471748
2	4471749	4472438
1	4472439	4473067
2	4473068	4475095
1	4475096	4480282
2	4480283	4481487
1	4481488	4482808
2	4482809	4484370
1	4484371	4485158
2	4485159	4490963
1	4490964	4494311
2	4494312	4494799
1	4494800	4496882
2	4496883	4497777
1	4497778	4498855
2	4498856	4500500
1	4500501	4501651
2	4501652	4508433
1	4508434	4510697
2	4510698	4532145
1	4532146	4533169
2	4533170	4539270
1	4539271	4539301
2	4539302	4541244
1	4541245	4542050
2	4542051	4553457
1	4553458	4554536
2	4554537	4555236
1	4555237	4556086
2	4556087	4592295
1	4592296	4621218
2	4621219	4622985
1	4622986	4626733
2	4626734	4629467
1	4629468	4634435
2	4634436	4634789
1	4634790	4648275
2	4648276	4650305
1	4650306	4665926
2	4665927	4667389
1	4667390	4677831
2	4677832	4678233
1	4678234	4687586
2	4687587	4688774
1	4688775	4688928
2	4688929	4690070
1	4690071	4694204
2	4694205	4694845
1	4694846	4697600
2	4697601	4698058
1	4698059	4703377
2	4703378	4703979
1	4703980	4709208
2	4709209	4709890
1	4709891	4745910
2	4745911	4746632
1	4746633	4752392
2	4752393	4753738
1	4753739	4755604
2	4755605	4756142
1	4756143	4757882
2	4757883	4758708
1	4758709	4799988
2	4799989	4800330
1	4800331	4801908
2	4801909	4802894
1	4802895	4803076
2	4803077	4805274
1	4805275	4807367
2	4807368	4825687
1	4825688	4825852
2	4825853	4829038
1	4829039	4829091
2	4829092	4833591
1	4833592	4837790
2	4837791	4840108
1	4840109	4849437
2	4849438	4852461
1	4852462	4859809
2	4859810	4860470
1	4860471	4861268
2	4861269	4895749
1	4895750	4896863
2	4896864	4898470
1	4898471	4898899
2	4898900	4900869
1	4900870	4910367
2	4910368	4920198
1	4920199	4929294
2	4929295	4931138
1	4931139	4980002
2	4980003	4980769
1	4980770	4980831
2	4980832	4981599
1	4981600	4993949
2	4993950	4996877
1	4996878	5011443
2	5011444	5012133
1	5012134	5050837
2	5050838	5051438
1	5051439	5098375
2	5098376	5099795
1	5099796	5122773
2	5122774	5123340
1	5123341	5124644
2	5124645	5125227
1	5125228	5125895
2	5125896	5126320
1	5126321	5128847
2	5128848	5129392
1	5129393	5131751
2	5131752	5132495
1	5132496	5133539
2	5133540	5134746
1	5134747	5137181
2	5137182	5139163
1	5139164	5142948
2	5142949	5145476
1	5145477	5145777
2	5145778	5147877
1	5147878	5227582
2	5227583	5229731
1	5229732	5309312
2	5309313	5309551
1	5309552	5327945
2	5327946	5328203
1	5328204	5335183
2	5335184	5335265
1	5335266	5336718
2	5336719	5349023
1	5349024	5349442
2	5349443	5349515
1	5349516	5349761
2	5349762	5349834
1	5349835	5349963
2	5349964	5352492
1	5352493	5353310
2	5353311	5355898
1	5355899	5355983
2	5355984	5359325
1	5359326	5360440
2	5360441	5361108
1	5361109	5362464
2	5362465	5363412
1	5363413	5364346
2	5364347	5364736
1	5364737	5370913
2	5370914	5371507
1	5371508	5371885
2	5371886	5375921
1	5375922	5417208
2	5417209	5435499
1	5435500	5472889
2	5472890	5476763
1	5476764	5486514
2	5486515	5487840
1	5487841	5490622
2	5490623	5492058
1	5492059	5492693
2	5492694	5493188
1	5493189	5494201
2	5494202	5494569
1	5494570	5496627
2	5496628	5503960
1	5503961	5505520
2	5505521	5522441
1	5522442	5527067
2	5527068	5528859
1	5528860	5531510
2	5531511	5544259
1	5544260	5552569
2	5552570	5554698
1	5554699	5554800
2	5554801	5556791
1	5556792	5556873
2	5556874	5558203
1	5558204	5558330
2	5558331	5559865
1	5559866	5560984
2	5560985	5561061
1	5561062	5583182
2	5583183	5585671
1	5585672	5585840
2	5585841	5588372
1	5588373	5588641
2	5588642	5590522
1	5590523	5591656
2	5591657	5592792
1	5592793	5594195
2	5594196	5597079
1	5597080	5600261
2	5600262	5601400
1	5601401	5624082
2	5624083	5645194
1	5645195	5647780
2	5647781	5650484
1	5650485	5652799
2	5652800	5655347
1	5655348	5706430
2	5706431	5707129
1	5707130	5713389
2	5713390	5713521
1	5713522	5743128
2	5743129	5745289
1	5745290	5746072
2	5746073	5754986
1	5754987	5755959
2	5755960	5756100
1	5756101	5756444
2	5756445	5756522
1	5756523	5757045
2	5757046	5757184
1	5757185	5757212
2	5757213	5757349
1	5757350	5757357
2	5757358	5757494
1	5757495	5757960
2	5757961	5758146
1	5758147	5760116
2	5760117	5761894
1	5761895	5762101
2	5762102	5769371
1	5769372	5769423
2	5769424	5770433
1	5770434	5770575
2	5770576	5772691
1	5772692	5773201
2	5773202	5773963
1	5773964	5776314
2	5776315	5779818
1	5779819	5782930
2	5782931	5787292
1	5787293	5787504
2	5787505	5789643
1	5789644	5796132
2	5796133	5798849
1	5798850	5805234
2	5805235	5806193
1	5806194	5806437
2	5806438	5838764
1	5838765	5866410
2	5866411	5868566
1	5868567	5875403
2	5875404	5877190
1	5877191	5888790
2	5888791	5890535
1	5890536	5890737
2	5890738	5892495
1	5892496	5893934
2	5893935	5895556
1	5895557	5895986
2	5895987	5897152
1	5897153	5897310
2	5897311	5899799
1	5899800	5900480
2	5900481	5910640
1	5910641	5911488
2	5911489	5912656
1	5912657	5915154
2	5915155	5916667
1	5916668	5916961
2	5916962	5923220
1	5923221	5923361
2	5923362	5925873
1	5925874	5926135
2	5926136	5943758
1	5943759	5960644
2	5960645	5969107
1	5969108	5976769
2	5976770	5976970
1	5976971	5977219
2	5977220	5977440
1	5977441	6002545
2	6002546	6004121
1	6004122	6026298
2	6026299	6027711
1	6027712	6028315
2	6028316	6029275
1	6029276	6029589
2	6029590	6030015
1	6030016	6030210
2	6030211	6031288
1	6031289	6032254
2	6032255	6033235
1	6033236	6043856
2	6043857	6044790
1	6044791	6045420
2	6045421	6046315
1	6046316	6046592
2	6046593	6047543
1	6047544	6048235
2	6048236	6050102
1	6050103	6052140
2	6052141	6052548
1	6052549	6054471
2	6054472	6056010
1	6056011	6059395
2	6059396	6064645
1	6064646	6066589
2	6066590	6068345
1	6068346	6068635
2	6068636	6069358
1	6069359	6069821
2	6069822	6075591
1	6075592	6086303
2	6086304	6087847
1	6087848	6088086
2	6088087	6089617
1	6089618	6090716
2	6090717	6117013
1	6117014	6117033
2	6117034	6121907
1	6121908	6123485
2	6123486	6124089
1	6124090	6124341
2	6124342	6125209
1	6125210	6126089
2	6126090	6126693
1	6126694	6127796
2	6127797	6128374
1	6128375	6129314
2	6129315	6129891
1	6129892	6130682
2	6130683	6131218
1	6131219	6132322
2	6132323	6133074
1	6133075	6135002
2	6135003	6135513
1	6135514	6136494
2	6136495	6137201
1	6137202	6137918
2	6137919	6138493
1	6138494	6139773
2	6139774	6140189
1	6140190	6140630
2	6140631	6141087
1	6141088	6141452
2	6141453	6141715
1	6141716	6142647
2	6142648	6143060
1	6143061	6143157
2	6143158	6143957
1	6143958	6144403
2	6144404	6144903
1	6144904	6145149
2	6145150	6145845
1	6145846	6147813
2	6147814	6148303
1	6148304	6149691
2	6149692	6150477
1	6150478	6151174
2	6151175	6151730
1	6151731	6153913
2	6153914	6154689
1	6154690	6155794
2	6155795	6156202
1	6156203	6156226
2	6156227	6157782
1	6157783	6158015
2	6158016	6166980
1	6166981	6171776
2	6171777	6174929
1	6174930	6175275
2	6175276	6178020
1	6178021	6178929
2	6178930	6182223
1	6182224	6182844
2	6182845	6185149
1	6185150	6185223
2	6185224	6186279
1	6186280	6186579
2	6186580	6193485
1	6193486	6193572
2	6193573	6196876
1	6196877	6196930
2	6196931	6211122
1	6211123	6213677
2	6213678	6214052
1	6214053	6224904
2	6224905	6225461
1	6225462	6225568
2	6225569	6226481
1	6226482	6226590
2	6226591	6227156
1	6227157	6227422
2	6227423	6233168
1	6233169	6233599
2	6233600	6238846
1	6238847	6239032
2	6239033	6249765
1	6249766	6250522
2	6250523	6251860
1	6251861	6252204
2	6252205	6255794
1	6255795	6256107
2	6256108	6256499
1	6256500	6268886
2	6268887	6270135
1	6270136	6295846
2	6295847	6296461
1	6296462	6297859
2	6297860	6298603
1	6298604	6298770
2	6298771	6299264
1	6299265	6313710
2	6313711	6315198
1	6315199	6318711
2	6318712	6320149
1	6320150	6320707
2	6320708	6322169
1	6322170	6343375
2	6343376	6343929
1	6343930	6363072
2	6363073	6363691
1	6363692	6393689
2	6393690	6479064
1	6479065	6479266
2	6479267	6481524
1	6481525	6481780
2	6481781	6484310
1	6484311	6484329
2	6484330	6488397
1	6488398	6523828
2	6523829	6525529
1	6525530	6556296
2	6556297	6582579
1	6582580	6587037
2	6587038	6596466
1	6596467	6597465
2	6597466	6599132
1	6599133	6601869
2	6601870	6602338
1	6602339	6602424
2	6602425	6612213
1	6612214	6617131
2	6617132	6628159
1	6628160	6633990
2	6633991	6634614
1	6634615	6635349
2	6635350	6635942
1	6635943	6657323
2	6657324	6658741
1	6658742	6659102
2	6659103	6659711
1	6659712	6659737
2	6659738	6660916
1	6660917	6682426
2	6682427	6696621
1	6696622	6697959
2	6697960	6702100
1	6702101	6706455
2	6706456	6712625
1	6712626	6718001
2	6718002	6718379
1	6718380	6721300
2	6721301	6721801
1	6721802	6721899
2	6721900	6736264
1	6736265	6737525
2	6737526	6745852
1	6745853	6747116
2	6747117	6749597
1	6749598	6749728
2	6749729	6756346
1	6756347	6779759
2	6779760	6780205
1	6780206	6783257
2	6783258	6788041
1	6788042	6858548
2	6858549	6859539
1	6859540	6876420
2	6876421	6876701
1	6876702	6905098
2	6905099	6907976
1	6907977	6924122
2	6924123	6925050
1	6925051	6926025
2	6926026	6927924
1	6927925	6928707
2	6928708	6929003
1	6929004	6929666
2	6929667	6930505
1	6930506	6932148
2	6932149	6932802
1	6932803	6935955
2	6935956	6942413
1	6942414	6942590
2	6942591	6949004
1	6949005	6950045
2	6950046	6951208
1	6951209	6952653
2	6952654	6957858
1	6957859	6958359
2	6958360	6960997
1	6960998	6961134
2	6961135	6962148
1	6962149	6964678
2	6964679	6965567
1	6965568	6969421
2	6969422	6972322
1	6972323	6976572
2	6976573	6977686
1	6977687	6983721
2	6983722	6987547
1	6987548	7018900
2	7018901	7019894
1	7019895	7061310
2	7061311	7062297
1	7062298	7066575
2	7066576	7068347
1	7068348	7079102
2	7079103	7079708
1	7079709	7080812
2	7080813	7081887
1	7081888	7086303
2	7086304	7086941
1	7086942	7116312
2	7116313	7118633
1	7118634	7121012
2	7121013	7121364
1	7121365	7122002
2	7122003	7122773
1	7122774	7123973
2	7123974	7124605
1	7124606	7124962
2	7124963	7126563
1	7126564	7136090
2	7136091	7150173
1	7150174	7151198
2	7151199	7151974
1	7151975	7152298
2	7152299	7183031
1	7183032	7215816
2	7215817	7216998
1	7216999	7227611
2	7227612	7229065
1	7229066	7229899
2	7229900	7231222
1	7231223	7233302
2	7233303	7234451
1	7234452	7236179
2	7236180	7237033
1	7237034	7237487
2	7237488	7238483
1	7238484	7238580
2	7238581	7242440
1	7242441	7242628
2	7242629	7243627
1	7243628	7243817
2	7243818	7257020
1	7257021	7259291
2	7259292	7305996
1	7305997	7314198
2	7314199	7316511
1	7316512	7316718
2	7316719	7319355
1	7319356	7319372
2	7319373	7321942
1	7321943	7322231
2	7322232	7326571
1	7326572	7326643
2	7326644	7328326
1	7328327	7334983
2	7334984	7338283
1	7338284	7338797
2	7338798	7340223
1	7340224	7340409
2	7340410	7341134
1	7341135	7346677
2	7346678	7349813
1	7349814	7350374
2	7350375	7353363
1	7353364	7353660
2	7353661	7357466
1	7357467	7357683
2	7357684	7362360
1	7362361	7362942
2	7362943	7366811
1	7366812	7367149
2	7367150	7374574
1	7374575	7374713
2	7374714	7378737
1	7378738	7378747
2	7378748	7381014
1	7381015	7383841
2	7383842	7389113
1	7389114	7389454
2	7389455	7391308
1	7391309	7391384
2	7391385	7393012
1	7393013	7393169
2	7393170	7394771
1	7394772	7395431
2	7395432	7397281
1	7397282	7399422
2	7399423	7399719
1	7399720	7401592
2	7401593	7402807
1	7402808	7426748
2	7426749	7428290
1	7428291	7429907
2	7429908	7430566
1	7430567	7431520
2	7431521	7432505
1	7432506	7432798
2	7432799	7433833
1	7433834	7443952
2	7443953	7445259
1	7445260	7449248
2	7449249	7451708
1	7451709	7458608
2	7458609	7461908
1	7461909	7462601
2	7462602	7463402
1	7463403	7464658
2	7464659	7465614
1	7465615	7468669
2	7468670	7469347
1	7469348	7479066
2	7479067	7481018
1	7481019	7484963
2	7484964	7486584
1	7486585	7486656
2	7486657	7489279
1	7489280	7490310
2	7490311	7491931
1	7491932	7498639
2	7498640	7499317
1	7499318	7504085
2	7504086	7510416
1	7510417	7512096
2	7512097	7521113
1	7521114	7532159
2	7532160	7532936
1	7532937	7533368
2	7533369	7534268
1	7534269	7534681
2	7534682	7535557
1	7535558	7548879
2	7548880	7553137
1	7553138	7555709
2	7555710	7562599
1	7562600	7576553
2	7576554	7580348
1	7580349	7581707
2	7581708	7584098
1	7584099	7586190
2	7586191	7632673
1	7632674	7632816
2	7632817	7632894
1	7632895	7632910
2	7632911	7633546
1	7633547	7633897
2	7633898	7634748
1	7634749	7644965
2	7644966	7647852
1	7647853	7651508
2	7651509	7688754
1	7688755	7712449
2	7712450	7714572
1	7714573	7714904
2	7714905	7719573
1	7719574	7720903
2	7720904	7725291
1	7725292	7726349
2	7726350	7736141
1	7736142	7740443
2	7740444	7743652
1	7743653	7747508
2	7747509	7748268
1	7748269	7753552
2	7753553	7756266
1	7756267	7760368
2	7760369	7761452
1	7761453	7770204
2	7770205	7802925
1	7802926	7804557
2	7804558	7860469
1	7860470	7862141
2	7862142	7887914
1	7887915	7887979
2	7887980	7889109
1	7889110	7889208
2	7889209	7905054
1	7905055	7906763
2	7906764	7908220
1	7908221	7908536
2	7908537	7908946
1	7908947	7909749
2	7909750	7929220
1	7929221	7929472
2	7929473	7930358
1	7930359	7938812
2	7938813	7939422
1	7939423	7941285
2	7941286	7944663
1	7944664	7965548
2	7965549	7968091
1	7968092	7968537
2	7968538	7969254
1	7969255	7970904
2	7970905	7971750
1	7971751	8021645
2	8021646	8021718
1	8021719	8047432
2	8047433	8051813
1	8051814	8053313
2	8053314	8053396
1	8053397	8053550
2	8053551	8053633
1	8053634	8053773
2	8053774	8053856
1	8053857	8058742
2	8058743	8058825
1	8058826	8059093
2	8059094	8059176
1	8059177	8061307
2	8061308	8061390
1	8061391	8061512
2	8061513	8062367
1	8062368	8062552
2	8062553	8063060
1	8063061	8075023
2	8075024	8076300
1	8076301	8080734
2	8080735	8084886
1	8084887	8102231
2	8102232	8103143
1	8103144	8104206
2	8104207	8104277
1	8104278	8106506
2	8106507	8109002
1	8109003	8109278
2	8109279	8114679
1	8114680	8116711
2	8116712	8117631
1	8117632	8117683
2	8117684	8118232
1	8118233	8124528
2	8124529	8130598
1	8130599	8134967
2	8134968	8144913
1	8144914	8147780
2	8147781	8152000
1	8152001	8152460
2	8152461	8152874
1	8152875	8153414
2	8153415	8158618
1	8158619	8163739
2	8163740	8169078
1	8169079	8169234
2	8169235	8171529
1	8171530	8171774
2	8171775	8173614
1	8173615	8176460
2	8176461	8179771
1	8179772	8179956
2	8179957	8184218
1	8184219	8184621
2	8184622	8186216
1	8186217	8188946
2	8188947	8191087
1	8191088	8191306
2	8191307	8192591
1	8192592	8194177
2	8194178	8195517
1	8195518	8195891
2	8195892	8196445
1	8196446	8202676
2	8202677	8203843
1	8203844	8204989
2	8204990	8206722
1	8206723	8208379
2	8208380	8209298
1	8209299	8211331
2	8211332	8212083
1	8212084	8215240
2	8215241	8216053
1	8216054	8222323
2	8222324	8223668
1	8223669	8224060
2	8224061	8224797
1	8224798	8231746
2	8231747	8275498
1	8275499	8275627
2	8275628	8282970
1	8282971	8283385
2	8283386	8288427
1	8288428	8291600
2	8291601	8292939
1	8292940	8293163
2	8293164	8295441
1	8295442	8295463
2	8295464	8297159
1	8297160	8297256
2	8297257	8298425
1	8298426	8298435
2	8298436	8300080
1	8300081	8300244
2	8300245	8302041
1	8302042	8303592
2	8303593	8308602
1	8308603	8311641
2	8311642	8312066
1	8312067	8313862
2	8313863	8315380
1	8315381	8318958
2	8318959	8321407
1	8321408	8321682
2	8321683	8323337
1	8323338	8329771
2	8329772	8331695
1	8331696	8332150
2	8332151	8333376
1	8333377	8333884
2	8333885	8335976
1	8335977	8337520
2	8337521	8339482
1	8339483	8339660
2	8339661	8345379
1	8345380	8347283
2	8347284	8347341
1	8347342	8349503
2	8349504	8354006
1	8354007	8365504
2	8365505	8384271
1	8384272	8384639
2	8384640	8385477
1	8385478	8385919
2	8385920	8386749
1	8386750	8395267
2	8395268	8398377
1	8398378	8406111
2	8406112	8407203
1	8407204	8408956
2	8408957	8415305
1	8415306	8418053
2	8418054	8425346
1	8425347	8425421
2	8425422	8435481
1	8435482	8436141
2	8436142	8442477
1	8442478	8443021
2	8443022	8465769
1	8465770	8465906
2	8465907	8500246
1	8500247	8500568
2	8500569	8502863
1	8502864	8506973
2	8506974	8508021
1	8508022	8511984
2	8511985	8513395
1	8513396	8514528
2	8514529	8516601
1	8516602	8516841
2	8516842	8517966
1	8517967	8518343
2	8518344	8527603
1	8527604	8528076
2	8528077	8531113
1	8531114	8562434
2	8562435	8562964
1	8562965	8564898
2	8564899	8564998
1	8564999	8567506
2	8567507	8569178
1	8569179	8592541
2	8592542	8593979
1	8593980	8594572
2	8594573	8594652
1	8594653	8595047
2	8595048	8595131
1	8595132	8595510
2	8595511	8597249
1	8597250	8597756
2	8597757	8610174
1	8610175	8610334
2	8610335	8612574
1	8612575	8615138
2	8615139	8617001
1	8617002	8624608
2	8624609	8627169
1	8627170	8633538
2	8633539	8636684
1	8636685	8638015
2	8638016	8639922
1	8639923	8640360
2	8640361	8642036
1	8642037	8668858
2	8668859	8672353
1	8672354	8685802
2	8685803	8686291
1	8686292	8712048
2	8712049	8713325
1	8713326	8713379
2	8713380	8714372
1	8714373	8718619
2	8718620	8718874
1	8718875	8719890
2	8719891	8720713
1	8720714	8721580
2	8721581	8722166
1	8722167	8722964
2	8722965	8723704
1	8723705	8725043
2	8725044	8725699
1	8725700	8725957
2	8725958	8738410
1	8738411	8742238
2	8742239	8742826
1	8742827	8744333
2	8744334	8744769
1	8744770	8749088
2	8749089	8750267
1	8750268	8781243
2	8781244	8781645
1	8781646	8791829
2	8791830	8793632
1	8793633	8794639
2	8794640	8795264
1	8795265	8795562
2	8795563	8796699
1	8796700	8796701
2	8796702	8797282
1	8797283	8798910
2	8798911	8800313
1	8800314	8800700
2	8800701	8801507
1	8801508	8801643
2	8801644	8802407
1	8802408	8803494
2	8803495	8804365
1	8804366	8829561
2	8829562	8831943
1	8831944	8881244
2	8881245	8881733
1	8881734	8884695
2	8884696	8887410
1	8887411	8896448
2	8896449	8896522
1	8896523	8908332
2	8908333	8908768
1	8908769	8930199
2	8930200	8947563
1	8947564	8948120
2	8948121	8949651
1	8949652	8949890
2	8949891	8950684
1	8950685	8951956
2	8951957	8954021
1	8954022	8954373
2	8954374	8957869
1	8957870	8958011
2	8958012	8959474
1	8959475	8959928
2	8959929	8961271
1	8961272	8961627
2	8961628	8964852
1	8964853	8965155
2	8965156	8967865
1	8967866	8970494
2	8970495	8972980
1	8972981	8975311
2	8975312	8979191
1	8979192	8982168
2	8982169	8983328
1	8983329	8983416
2	8983417	8991089
1	8991090	8991283
2	8991284	8995666
1	8995667	8998295
2	8998296	9000349
1	9000350	9001723
2	9001724	9002938
1	9002939	9005785
2	9005786	9012346
1	9012347	9034474
2	9034475	9038142
1	9038143	9040538
2	9040539	9041824
1	9041825	9041880
2	9041881	9059127
1	9059128	9060294
2	9060295	9065831
1	9065832	9066204
2	9066205	9067567
1	9067568	9067742
2	9067743	9085231
1	9085232	9086152
2	9086153	9087956
1	9087957	9089976
2	9089977	9090594
1	9090595	9090728
2	9090729	9127505
1	9127506	9128808
2	9128809	9130281
1	9130282	9137692
2	9137693	9137797
1	9137798	9138937
2	9138938	9175249
1	9175250	9196164
2	9196165	9201953
1	9201954	9204979
2	9204980	9208356
1	9208357	9215123
2	9215124	9215533
1	9215534	9228249
2	9228250	9229748
1	9229749	9243324
2	9243325	9244438
1	9244439	9245077
2	9245078	9281622
1	9281623	9327431
2	9327432	9331436
1	9331437	9331909
2	9331910	9341436
1	9341437	9347132
2	9347133	9348557
1	9348558	9352098
2	9352099	9353096
1	9353097	9353415
2	9353416	9355142
1	9355143	9357449
2	9357450	9358340
1	9358341	9363294
2	9363295	9364338
1	9364339	9364610
2	9364611	9365597
1	9365598	9366030
2	9366031	9368064
1	9368065	9368529
2	9368530	9369393
1	9369394	9369517
2	9369518	9370527
1	9370528	9371259
2	9371260	9374219
1	9374220	9374981
2	9374982	9375865
1	9375866	9379211
2	9379212	9379563
1	9379564	9379926
2	9379927	9392327
1	9392328	9392717
2	9392718	9395560
1	9395561	9397896
2	9397897	9399274
1	9399275	9399278
2	9399279	9403932
1	9403933	9408854
2	9408855	9410488
1	9410489	9416352
2	9416353	9417881
1	9417882	9420109
2	9420110	9421771
1	9421772	9422473
2	9422474	9422618
1	9422619	9426785
2	9426786	9428499
1	9428500	9433155
2	9433156	9435367
1	9435368	9436331
2	9436332	9439488
1	9439489	9443644
2	9443645	9444672
1	9444673	9444975
2	9444976	9445890
1	9445891	9445902
2	9445903	9449381
1	9449382	9449441
2	9449442	9450769
1	9450770	9452468
2	9452469	9453899
1	9453900	9454149
2	9454150	9468575
1	9468576	9468592
2	9468593	9470065
1	9470066	9479547
2	9479548	9480890
1	9480891	9481149
2	9481150	9482333
1	9482334	9482601
2	9482602	9485315
1	9485316	9487654
2	9487655	9498428
1	9498429	9499917
2	9499918	9502683
1	9502684	9503819
2	9503820	9503907
1	9503908	9505107
2	9505108	9505760
1	9505761	9505896
2	9505897	9506509
1	9506510	9506744
2	9506745	9507059
1	9507060	9507218
2	9507219	9518644
1	9518645	9522166
2	9522167	9524486
1	9524487	9535344
2	9535345	9537099
1	9537100	9540319
2	9540320	9589813
1	9589814	9590953
2	9590954	9591295
1	9591296	9592087
2	9592088	9593441
1	9593442	9593589
2	9593590	9594425
1	9594426	9594622
2	9594623	9595648
1	9595649	9596700
2	9596701	9607009
1	9607010	9608013
2	9608014	9617080
1	9617081	9621775
2	9621776	9624895
1	9624896	9631211
2	9631212	9632121
1	9632122	9632370
2	9632371	9633240
1	9633241	9634112
2	9634113	9635013
1	9635014	9637208
2	9637209	9652533
1	9652534	9672300
2	9672301	9674160
1	9674161	9674367
2	9674368	9676470
1	9676471	9678270
2	9678271	9679350
1	9679351	9688142
2	9688143	9688750
1	9688751	9691435
2	9691436	9693581
1	9693582	9693616
2	9693617	9696695
1	9696696	9697430
2	9697431	9703429
1	9703430	9703521
2	9703522	9706927
1	9706928	9709902
2	9709903	9709975
1	9709976	9710885
2	9710886	9712244
1	9712245	9713513
2	9713514	9716294
1	9716295	9716522
2	9716523	9719806
1	9719807	9719994
2	9719995	9722750
1	9722751	9723098
2	9723099	9724324
1	9724325	9726758
2	9726759	9726880
1	9726881	9734502
2	9734503	9737503
1	9737504	9753999
2	9754000	9754454
1	9754455	9756643
2	9756644	9779566
1	9779567	9781032
2	9781033	9790787
1	9790788	9791533
2	9791534	9791998
1	9791999	9792797
2	9792798	9793540
1	9793541	9794397
2	9794398	9795220
1	9795221	9796498
2	9796499	9797363
1	9797364	9816448
2	9816449	9816997
1	9816998	9827466
2	9827467	9829905
1	9829906	9830179
2	9830180	9831770
1	9831771	9832192
2	9832193	9848385
1	9848386	9850482
2	9850483	9852989
1	9852990	9853316
2	9853317	9857449
1	9857450	9857738
2	9857739	9863774
1	9863775	9868830
2	9868831	9869506
1	9869507	9877510
2	9877511	9881783
1	9881784	9886287
2	9886288	9887843
1	9887844	9887906
2	9887907	9891675
1	9891676	9891802
2	9891803	9896131
1	9896132	9959702
2	9959703	9961417
1	9961418	9961578
2	9961579	9964102
1	9964103	9964250
2	9964251	9965154
1	9965155	9965411
2	9965412	9967123
1	9967124	10022507
2	10022508	10023238
1	10023239	10079846
2	10079847	10082500
1	10082501	10083269
2	10083270	10085446
1	10085447	10085867
2	10085868	10087838
1	10087839	10088853
2	10088854	10091215
1	10091216	10092456
2	10092457	10093981
1	10093982	10144711
2	10144712	10144826
1	10144827	10144926
2	10144927	10146084
1	10146085	10158908
2	10158909	10160123
1	10160124	10183375
2	10183376	10194937
1	10194938	10198719
2	10198720	10199501
1	10199502	10208764
2	10208765	10210080
1	10210081	10211603
2	10211604	10213264
1	10213265	10213582
2	10213583	10218340
1	10218341	10229708
2	10229709	10230036
1	10230037	10233192
2	10233193	10233611
1	10233612	10235898
2	10235899	10236342
1	10236343	10236419
2	10236420	10237806
1	10237807	10239889
2	10239890	10240871
1	10240872	10240904
2	10240905	10241688
1	10241689	10257008
2	10257009	10260211
1	10260212	10262581
2	10262582	10263453
1	10263454	10266303
2	10266304	10267724
1	10267725	10312884
2	10312885	10312983
1	10312984	10319755
2	10319756	10320579
1	10320580	10358327
2	10358328	10358425
1	10358426	10379549
2	10379550	10380897
1	10380898	10403971
2	10403972	10404340
1	10404341	10405006
2	10405007	10405477
1	10405478	10405917
2	10405918	10407874
1	10407875	10422788
2	10422789	10425083
1	10425084	10425483
2	10425484	10427205
1	10427206	10452180
2	10452181	10456201
1	10456202	10456915
2	10456916	10457735
1	10457736	10458286
2	10458287	10462074
1	10462075	10483960
2	10483961	10486034
1	10486035	10550122
2	10550123	10552182
1	10552183	10616165
2	10616166	10616676
1	10616677	10617827
2	10617828	10618699
1	10618700	10619598
2	10619599	10620539
1	10620540	10620779
2	10620780	10621584
1	10621585	10623133
2	10623134	10624035
1	10624036	10624178
2	10624179	10627069
1	10627070	10627674
2	10627675	10631230
1	10631231	10631245
2	10631246	10632778
1	10632779	10632839
2	10632840	10633236
1	10633237	10634988
2	10634989	10636109
1	10636110	10636627
2	10636628	10637715
1	10637716	10654574
2	10654575	10656257
1	10656258	10656475
2	10656476	10657535
1	10657536	10657838
2	10657839	10683834
1	10683835	10685629
2	10685630	10686267
1	10686268	10686283
2	10686284	10687208
1	10687209	10687459
2	10687460	10689977
1	10689978	10765024
2	10765025	10766499
1	10766500	10777689
2	10777690	10778460
1	10778461	10782433
2	10782434	10782976
1	10782977	10788088
2	10788089	10788275
1	10788276	10794289
2	10794290	10795450
1	10795451	10797096
2	10797097	10799034
1	10799035	10807918
2	10807919	10809184
1	10809185	10809680
2	10809681	10810282
1	10810283	10818243
2	10818244	10818701
1	10818702	10843169
2	10843170	10843790
1	10843791	10869414
2	10869415	10872137
1	10872138	10872184
2	10872185	10873288
1	10873289	10873798
2	10873799	10875486
1	10875487	10875989
2	10875990	10876673
1	10876674	10877360
2	10877361	10879571
1	10879572	10883089
2	10883090	10883800
1	10883801	10884813
2	10884814	10885616
1	10885617	10887272
2	10887273	10887793
1	10887794	10887875
2	10887876	10892223
1	10892224	10937555
2	10937556	10938200
1	10938201	10952330
2	10952331	10953105
1	10953106	10954599
2	10954600	10955241
1	10955242	10965747
2	10965748	10966576
1	10966577	10971110
2	10971111	10971402
1	10971403	10994508
2	10994509	10994589
1	10994590	11016634
2	11016635	11017946
1	11017947	11018660
2	11018661	11020432
1	11020433	11020678
2	11020679	11022544
1	11022545	11027901
2	11027902	11029005
1	11029006	11043507
2	11043508	11044008
1	11044009	11052536
2	11052537	11054324
1	11054325	11055230
2	11055231	11055714
1	11055715	11055825
2	11055826	11058041
1	11058042	11058090
2	11058091	11062125
1	11062126	11062142
2	11062143	11062964
1	11062965	11066391
2	11066392	11067488
1	11067489	11067868
2	11067869	11071836
1	11071837	11071851
2	11071852	11086293
1	11086294	11086470
2	11086471	11089345
1	11089346	11090545
2	11090546	11091286
1	11091287	11091511
2	11091512	11093678
1	11093679	11093774
2	11093775	11094798
1	11094799	11094974
2	11094975	11096130
1	11096131	11096520
2	11096521	11096973
1	11096974	11100107
2	11100108	11100682
1	11100683	11101334
2	11101335	11101832
1	11101833	11101919
2	11101920	11102605
1	11102606	11102789
2	11102790	11105217
1	11105218	11105380
2	11105381	11106840
1	11106841	11107268
2	11107269	11113883
1	11113884	11115065
2	11115066	11116316
1	11116317	11123934
2	11123935	11124502
1	11124503	11124982
2	11124983	11125422
1	11125423	11128086
2	11128087	11128580
1	11128581	11142677
2	11142678	11143885
1	11143886	11156948
2	11156949	11157901
1	11157902	11159719
2	11159720	11162725
1	11162726	11162916
2	11162917	11165511
1	11165512	11166613
2	11166614	11169992
1	11169993	11170053
2	11170054	11190636
1	11190637	11192719
2	11192720	11193687
1	11193688	11194450
2	11194451	11195258
1	11195259	11199521
2	11199522	11203683
1	11203684	11203885
2	11203886	11207197
1	11207198	11207604
2	11207605	11223845
1	11223846	11224406
2	11224407	11224688
1	11224689	11226071
2	11226072	11229318
1	11229319	11230401
2	11230402	11230720
1	11230721	11240052
2	11240053	11240323
1	11240324	11240503
2	11240504	11241197
1	11241198	11243549
2	11243550	11243968
1	11243969	11245406
2	11245407	11249272
1	11249273	11267059
2	11267060	11267662
1	11267663	11277830
2	11277831	11278280
1	11278281	11281035
2	11281036	11289019
1	11289020	11304846
2	11304847	11306497
1	11306498	11308398
2	11308399	11309497
1	11309498	11312741
2	11312742	11314819
1	11314820	11316620
2	11316621	11316943
1	11316944	11317425
2	11317426	11318100
1	11318101	11335181
2	11335182	11335524
1	11335525	11342494
2	11342495	11342843
1	11342844	11357782
2	11357783	11358997
1	11358998	11375907
2	11375908	11377358
1	11377359	11387789
2	11387790	11388773
1	11388774	11390641
2	11390642	11390965
1	11390966	11398634
2	11398635	11399194
1	11399195	11418257
2	11418258	11419495
1	11419496	11427794
2	11427795	11428576
1	11428577	11428749
2	11428750	11429306
1	11429307	11437571
2	11437572	11438204
1	11438205	11438260
2	11438261	11439679
1	11439680	11450175
2	11450176	11451570
1	11451571	11451589
2	11451590	11452725
1	11452726	11456669
2	11456670	11458964
1	11458965	11466390
2	11466391	11467072
1	11467073	11468057
2	11468058	11468652
1	11468653	11480649
2	11480650	11492155
1	11492156	11501736
2	11501737	11502003
1	11502004	11502066
2	11502067	11502494
1	11502495	11502960
2	11502961	11503347
1	11503348	11503422
2	11503423	11503689
1	11503690	11505320
2	11505321	11506502
1	11506503	11511897
2	11511898	11513924
1	11513925	11514112
2	11514113	11515813
1	11515814	11545638
2	11545639	11545793
1	11545794	11555095
2	11555096	11557412
1	11557413	11557582
2	11557583	11565896
2	11565897	11567763
1	11567764	11570105
2	11570106	11570595
1	11570596	11571335
2	11571336	11571723
1	11571724	11572842
2	11572843	11573050
1	11573051	11573928
2	11573929	11574119
1	11574120	11574514
2	11574515	11575297
1	11575298	11575500
2	11575501	11577164
1	11577165	11577221
2	11577222	11580870
1	11580871	11582794
2	11582795	11583079
1	11583080	11583971
2	11583972	11584331
1	11584332	11585550
2	11585551	11585883
1	11585884	11586546
2	11586547	11586809
1	11586810	11592735
2	11592736	11593047
1	11593048	11598535
2	11598536	11602565
1	11602566	11603234
2	11603235	11603486
1	11603487	11603677
2	11603678	11613201
1	11613202	11613634
2	11613635	11617481
1	11617482	11617627
2	11617628	11619225
1	11619226	11619540
2	11619541	11620815
1	11620816	11622604
2	11622605	11622680
1	11622681	11625804
2	11625805	11626403
1	11626404	11636005
2	11636006	11639133
1	11639134	11639333
2	11639334	11641574
1	11641575	11641855
2	11641856	11643599
1	11643600	11650017
2	11650018	11650117
1	11650118	11675137
2	11675138	11676905
1	11676906	11682730
2	11682731	11684499
1	11684500	11684670
2	11684671	11685857
1	11685858	11686234
2	11686235	11686761
1	11686762	11686978
2	11686979	11690063
1	11690064	11690225
2	11690226	11692363
1	11692364	11692595
2	11692596	11701653
1	11701654	11703606
2	11703607	11704486
1	11704487	11705328
2	11705329	11708385
1	11708386	11714033
2	11714034	11721218
1	11721219	11721444
2	11721445	11725148
1	11725149	11744404
2	11744405	11745574
1	11745575	11760398
2	11760399	11765257
1	11765258	11766111
2	11766112	11766201
1	11766202	11766830
2	11766831	11766978
1	11766979	11767159
2	11767160	11767601
1	11767602	11770172
2	11770173	11773585
1	11773586	11783311
2	11783312	11786383
1	11786384	11786613
2	11786614	11788518
1	11788519	11788713
2	11788714	11791975
1	11791976	11792047
2	11792048	11793961
1	11793962	11794570
2	11794571	11794642
1	11794643	11795050
2	11795051	11807855
1	11807856	11813437
2	11813438	11815375
1	11815376	11816083
2	11816084	11816224
1	11816225	11817306
2	11817307	11818832
1	11818833	11822129
2	11822130	11823944
1	11823945	11827820
2	11827821	11829821
1	11829822	11840482
2	11840483	11840903
1	11840904	11863556
2	11863557	11864405
1	11864406	11872214
2	11872215	11874282
1	11874283	11874483
2	11874484	11876646
1	11876647	11880358
2	11880359	11882081
1	11882082	11891704
2	11891705	11893531
1	11893532	11914612
2	11914613	11915699
1	11915700	11915709
2	11915710	11917857
1	11917858	11920792
2	11920793	11929019
1	11929020	11935011
2	11935012	11936585
1	11936586	11936739
2	11936740	11937952
1	11937953	11939192
2	11939193	11939291
1	11939292	11940774
2	11940775	11942348
1	11942349	11942938
2	11942939	11945325
1	11945326	11945400
2	11945401	11946417
1	11946418	11949807
2	11949808	11950865
1	11950866	11951971
2	11951972	11959231
1	11959232	11960442
2	11960443	11966079
1	11966080	11966184
2	11966185	11966890
1	11966891	11968004
2	11968005	11968910
1	11968911	11969210
2	11969211	11976864
1	11976865	11978005
2	11978006	11983605
1	11983606	11984952
2	11984953	11986279
1	11986280	11986373
2	11986374	11991238
1	11991239	11991497
2	11991498	11996015
1	11996016	11996254
2	11996255	12001151
1	12001152	12020900
2	12020901	12021253
1	12021254	12025656
2	12025657	12026099
1	12026100	12035486
2	12035487	12037317
1	12037318	12037678
2	12037679	12038456
1	12038457	12060610
2	12060611	12074930
1	12074931	12081725
2	12081726	12082325
1	12082326	12109200
2	12109201	12111155
1	12111156	12111356
2	12111357	12112889
1	12112890	12113118
2	12113119	12114285
1	12114286	12114373
2	12114374	12118250
1	12118251	12118586
2	12118587	12120494
1	12120495	12121078
2	12121079	12121561
1	12121562	12122492
2	12122493	12124969
1	12124970	12126870
2	12126871	12129806
1	12129807	12130595
2	12130596	12131684
1	12131685	12131967
2	12131968	12136480
1	12136481	12136545
2	12136546	12139197
1	12139198	12142372
2	12142373	12143429
1	12143430	12150151
2	12150152	12156835
1	12156836	12157304
2	12157305	12168582
1	12168583	12170700
2	12170701	12176447
1	12176448	12178083
2	12178084	12180960
1	12180961	12181917
2	12181918	12183805
1	12183806	12185131
2	12185132	12186788
1	12186789	12188886
2	12188887	12189149
1	12189150	12190890
2	12190891	12192130
1	12192131	12193421
2	12193422	12197182
1	12197183	12197222
2	12197223	12199122
1	12199123	12238609
2	12238610	12239148
1	12239149	12262551
2	12262552	12264445
1	12264446	12264755
2	12264756	12270351
1	12270352	12270754
2	12270755	12274576
1	12274577	12282403
2	12282404	12283261
1	12283262	12284055
2	12284056	12289223
1	12289224	12294079
2	12294080	12295042
1	12295043	12295261
2	12295262	12295651
1	12295652	12303904
2	12303905	12305061
1	12305062	12322331
2	12322332	12329001
1	12329002	12329775
2	12329776	12330336
1	12330337	12330451
2	12330452	12330799
1	12330800	12332215
2	12332216	12344644
1	12344645	12361745
2	12361746	12384544
1	12384545	12389270
2	12389271	12390057
1	12390058	12392638
2	12392639	12395035
1	12395036	12395394
2	12395395	12407942
1	12407943	12408125
2	12408126	12410680
1	12410681	12415609
2	12415610	12425768
1	12425769	12455636
2	12455637	12461121
1	12461122	12462171
2	12462172	12462884
1	12462885	12475708
2	12475709	12479546
1	12479547	12483393
2	12483394	12484296
1	12484297	12484939
2	12484940	12486705
1	12486706	12491586
2	12491587	12493407
1	12493408	12495566
2	12495567	12496994
1	12496995	12498473
2	12498474	12500940
1	12500941	12507704
2	12507705	12508109
1	12508110	12508158
2	12508159	12514054
1	12514055	12518192
2	12518193	12519831
1	12519832	12520314
2	12520315	12523271
1	12523272	12523535
2	12523536	12526824
1	12526825	12527095
2	12527096	12527503
1	12527504	12528525
2	12528526	12530415
1	12530416	12534809
2	12534810	12536053
1	12536054	12573771
2	12573772	12589118
1	12589119	12602730
2	12602731	12614898
1	12614899	12621033
2	12621034	12641380
1	12641381	12642006
2	12642007	12646190
1	12646191	12652002
2	12652003	12653195
1	12653196	12654925
2	12654926	12655347
1	12655348	12686738
2	12686739	12703349
1	12703350	12726463
2	12726464	12727711
1	12727712	12728044
2	12728045	12734668
1	12734669	12734817
2	12734818	12738254
1	12738255	12739715
2	12739716	12743156
1	12743157	12746338
2	12746339	12747874
1	12747875	12761531
2	12761532	12766673
1	12766674	12767050
2	12767051	12771816
1	12771817	12771849
2	12771850	12774197
1	12774198	12774424
2	12774425	12777477
1	12777478	12783291
2	12783292	12789184
1	12789185	12801820
2	12801821	12803196
1	12803197	12806127
2	12806128	12807119
1	12807120	12807353
2	12807354	12817750
1	12817751	12817979
2	12817980	12836206
1	12836207	12837353
2	12837354	12843217
1	12843218	12843264
2	12843265	12846269
1	12846270	12850381
2	12850382	12854405
1	12854406	12854816
2	12854817	12856020
1	12856021	12878138
2	12878139	12882344
1	12882345	12882451
2	12882452	12882738
1	12882739	12882869
2	12882870	12885262
1	12885263	12885757
2	12885758	12887858
1	12887859	12894346
2	12894347	12895837
1	12895838	12896024
2	12896025	12896811
1	12896812	12905126
2	12905127	12906746
1	12906747	12945785
2	12945786	12947747
1	12947748	12957459
2	12957460	12960833
1	12960834	12964313
2	12964314	12965459
1	12965460	12965573
2	12965574	12966750
1	12966751	12988234
2	12988235	12990518
1	12990519	12999916
2	12999917	13000981
1	13000982	13002498
2	13002499	13004785
1	13004786	13005075
2	13005076	13008432
1	13008433	13009149
2	13009150	13010003
1	13010004	13010248
2	13010249	13010967
1	13010968	13011414
2	13011415	13012210
1	13012211	13012814
2	13012815	13015788
1	13015789	13016679
2	13016680	13016752
1	13016753	13017325
2	13017326	13017398
1	13017399	13017862
2	13017863	13019537
1	13019538	13025495
2	13025496	13026170
1	13026171	13029920
2	13029921	13034076
1	13034077	13035866
2	13035867	13036006
1	13036007	13036043
2	13036044	13036183
1	13036184	13036470
2	13036471	13036610
1	13036611	13037533
2	13037534	13039994
1	13039995	13040076
2	13040077	13042019
1	13042020	13053621
2	13053622	13054494
1	13054495	13054978
2	13054979	13055787
1	13055788	13056145
2	13056146	13057029
1	13057030	13074398
2	13074399	13075752
1	13075753	13079486
2	13079487	13080389
1	13080390	13081680
2	13081681	13083069
1	13083070	13094598
2	13094599	13095050
1	13095051	13107370
2	13107371	13111177
1	13111178	13129368
2	13129369	13130166
1	13130167	13167577
2	13167578	13169881
1	13169882	13201642
2	13201643	13202058
1	13202059	13204313
2	13204314	13204385
1	13204386	13204650
2	13204651	13204722
1	13204723	13205464
2	13205465	13205536
1	13205537	13207208
2	13207209	13207333
1	13207334	13208366
2	13208367	13208799
1	13208800	13209202
2	13209203	13210627
1	13210628	13211302
2	13211303	13211964
1	13211965	13239963
2	13239964	13241802
1	13241803	13242646
2	13242647	13242718
1	13242719	13272875
2	13272876	13272928
1	13272929	13275492
2	13275493	13276510
1	13276511	13276762
2	13276763	13277596
1	13277597	13278364
2	13278365	13278935
1	13278936	13279487
2	13279488	13280286
1	13280287	13283693
2	13283694	13284870
1	13284871	13289629
2	13289630	13289960
1	13289961	13290103
2	13290104	13290670
1	13290671	13290748
2	13290749	13291044
1	13291045	13291310
2	13291311	13291819
1	13291820	13291896
2	13291897	13292123
1	13292124	13292940
2	13292941	13293252
1	13293253	13294734
2	13294735	13295022
1	13295023	13295840
2	13295841	13296251
1	13296252	13296470
2	13296471	13297046
1	13297047	13317373
2	13317374	13318059
1	13318060	13322234
2	13322235	13322799
1	13322800	13336649
2	13336650	13337350
1	13337351	13342264
2	13342265	13348040
1	13348041	13349475
2	13349476	13350323
1	13350324	13371682
2	13371683	13372290
1	13372291	13373458
2	13373459	13374446
1	13374447	13375864
2	13375865	13377099
1	13377100	13377888
2	13377889	13379025
1	13379026	13379045
2	13379046	13381007
1	13381008	13381398
2	13381399	13383106
1	13383107	13389327
2	13389328	13394225
1	13394226	13404221
2	13404222	13405553
1	13405554	13405942
2	13405943	13409553
1	13409554	13409675
2	13409676	13415436
1	13415437	13416419
2	13416420	13417268
1	13417269	13417670
2	13417671	13418771
1	13418772	13418990
2	13418991	13419773
1	13419774	13426147
2	13426148	13426220
1	13426221	13426745
2	13426746	13426818
1	13426819	13428779
2	13428780	13430236
1	13430237	13431053
2	13431054	13432109
1	13432110	13432416
2	13432417	13433570
1	13433571	13434009
2	13434010	13435520
1	13435521	13442286
2	13442287	13443383
1	13443384	13449307
2	13449308	13450338
1	13450339	13458651
2	13458652	13467887
1	13467888	13470640
2	13470641	13476615
1	13476616	13476632
2	13476633	13479380
1	13479381	13479896
2	13479897	13495592
1	13495593	13495806
2	13495807	13504641
1	13504642	13504745
2	13504746	13506212
1	13506213	13509372
2	13509373	13512705
1	13512706	13550854
2	13550855	13551201
1	13551202	13592329
2	13592330	13592983
1	13592984	13613921
2	13613922	13614020
1	13614021	13830855
2	13830856	13831180
1	13831181	13833296
2	13833297	13835340
1	13835341	13835476
2	13835477	13836117
1	13836118	13836755
2	13836756	13838416
1	13838417	13839153
2	13839154	13853101
1	13853102	13853126
2	13853127	13860005
1	13860006	13872093
2	13872094	13876156
1	13876157	13899996
2	13899997	13918435
1	13918436	13918981
2	13918982	13922100
1	13922101	13922486
2	13922487	13927756
1	13927757	13932349
2	13932350	13955747
1	13955748	13955757
2	13955758	13957802
1	13957803	13958302
2	13958303	13966167
1	13966168	13966222
2	13966223	13966577
1	13966578	13967160
2	13967161	13970861
1	13970862	13979719
2	13979720	13980284
1	13980285	13980977
2	13980978	13981726
1	13981727	13987330
2	13987331	13989671
1	13989672	13990999
2	13991000	13992351
1	13992352	13992479
2	13992480	13994980
1	13994981	13995226
2	13995227	14013248
1	14013249	14013414
2	14013415	14022221
1	14022222	14027875
2	14027876	14029851
1	14029852	14030118
2	14030119	14036786
1	14036787	14036793
2	14036794	14042992
1	14042993	14045527
2	14045528	14046179
1	14046180	14046795
2	14046796	14064683
1	14064684	14068871
2	14068872	14076329
1	14076330	14076714
2	14076715	14079064
1	14079065	14087688
2	14087689	14091153
1	14091154	14096580
2	14096581	14101218
1	14101219	14105504
2	14105505	14124424
1	14124425	14168709
2	14168710	14171720
1	14171721	14179348
2	14179349	14182748
1	14182749	14196422
2	14196423	14197394
1	14197395	14211303
2	14211304	14212074
1	14212075	14226568
2	14226569	14227709
1	14227710	14228152
2	14228153	14229041
1	14229042	14229734
2	14229735	14231372
1	14231373	14231706
2	14231707	14232540
1	14232541	14238104
2	14238105	14238791
1	14238792	14239092
2	14239093	14240111
1	14240112	14315651
2	14315652	14319351
1	14319352	14322445
2	14322446	14322985
1	14322986	14362024
2	14362025	14362807
1	14362808	14375012
2	14375013	14376399
1	14376400	14393868
2	14393869	14395825
1	14395826	14396029
2	14396030	14403039
1	14403040	14403725
2	14403726	14405832
1	14405833	14510924
2	14510925	14511575
1	14511576	14512859
2	14512860	14514790
1	14514791	14529733
2	14529734	14530372
1	14530373	14530750
2	14530751	14533541
1	14533542	14534036
2	14534037	14544075
1	14544076	14553238
2	14553239	14553864
1	14553865	14560539
2	14560540	14561233
1	14561234	14576321
2	14576322	14592640
1	14592641	14607557
2	14607558	14615305
1	14615306	14621259
2	14621260	14625177
1	14625178	14625700
2	14625701	14664709
1	14664710	14665034
2	14665035	14665537
1	14665538	14667041
2	14667042	14667113
1	14667114	14667443
2	14667444	14667515
1	14667516	14667637
2	14667638	14671247
1	14671248	14677867
2	14677868	14678942
1	14678943	14684446
2	14684447	14685062
1	14685063	14689650
2	14689651	14690205
1	14690206	14690412
2	14690413	14694778
1	14694779	14698563
2	14698564	14699257
1	14699258	14721859
2	14721860	14722443
1	14722444	14725688
2	14725689	14726617
1	14726618	14741028
2	14741029	14751062
1	14751063	14753619
2	14753620	14754944
1	14754945	14760802
2	14760803	14762383
1	14762384	14762440
2	14762441	14769229
1	14769230	14769595
2	14769596	14779512
1	14779513	14779890
2	14779891	14782765
1	14782766	14783034
2	14783035	14794189
1	14794190	14794427
2	14794428	14795268
1	14795269	14795479
2	14795480	14796460
1	14796461	14798235
2	14798236	14875324
1	14875325	14878440
2	14878441	14879283
1	14879284	14883189
2	14883190	14883603
1	14883604	14886833
2	14886834	14887516
1	14887517	14896904
2	14896905	14936007
1	14936008	14936829
2	14936830	14937431
1	14937432	14938598
2	14938599	14939225
1	14939226	14962443
2	14962444	14963406
1	14963407	14965766
2	14965767	14966298
1	14966299	14967947
2	14967948	14969140
1	14969141	14969725
2	14969726	14970731
1	14970732	14972719
2	14972720	14975532
1	14975533	14975934
2	14975935	14977586
1	14977587	14978199
2	14978200	14984767
1	14984768	14985388
2	14985389	14990917
1	14990918	14991080
2	14991081	14992766
1	14992767	14994337
2	14994338	15007162
1	15007163	15016591
2	15016592	15017109
1	15017110	15034730
2	15034731	15035670
1	15035671	15035898
2	15035899	15037024
1	15037025	15042278
2	15042279	15042595
1	15042596	15042649
2	15042650	15043309
1	15043310	15043362
2	15043363	15043906
1	15043907	15043955
2	15043956	15044525
1	15044526	15045030
2	15045031	15045590
1	15045591	15046097
2	15046098	15046451
1	15046452	15046667
2	15046668	15047235
1	15047236	15047876
2	15047877	15048665
1	15048666	15054128
2	15054129	15054805
1	15054806	15055306
2	15055307	15055722
1	15055723	15070006
2	15070007	15071547
1	15071548	15083922
2	15083923	15087819
1	15087820	15088241
2	15088242	15090786
1	15090787	15091633
2	15091634	15092602
1	15092603	15093153
2	15093154	15095140
1	15095141	15101100
2	15101101	15102035
1	15102036	15106656
2	15106657	15109473
1	15109474	15114671
2	15114672	15115401
1	15115402	15121039
2	15121040	15124478
1	15124479	15127649
2	15127650	15127760
1	15127761	15135230
2	15135231	15135900
1	15135901	15136900
2	15136901	15137270
1	15137271	15137454
2	15137455	15139479
1	15139480	15147332
2	15147333	15151662
1	15151663	15154916
2	15154917	15155570
1	15155571	15183539
2	15183540	15184098
1	15184099	15200943
2	15200944	15201686
1	15201687	15228718
2	15228719	15235932
1	15235933	15294014
2	15294015	15295885
1	15295886	15297354
2	15297355	15304295
1	15304296	15325345
2	15325346	15325977
1	15325978	15327881
2	15327882	15329271
1	15329272	15329791
2	15329792	15337415
1	15337416	15400931
2	15400932	15401367
1	15401368	15430300
2	15430301	15430813
1	15430814	15450590
2	15450591	15450978
1	15450979	15451052
2	15451053	15451409
1	15451410	15465296
2	15465297	15467210
1	15467211	15477495
2	15477496	15478502
1	15478503	15486063
2	15486064	15488649
1	15488650	15489673
2	15489674	15491155
1	15491156	15491301
2	15491302	15491921
1	15491922	15492058
2	15492059	15493661
1	15493662	15496699
2	15496700	15497994
1	15497995	15498287
2	15498288	15501352
1	15501353	15502544
2	15502545	15503937
1	15503938	15504151
2	15504152	15506302
1	15506303	15509632
2	15509633	15510156
1	15510157	15510523
2	15510524	15512692
1	15512693	15513719
2	15513720	15514753
1	15514754	15514810
2	15514811	15517237
1	15517238	15517424
2	15517425	15518353
1	15518354	15518990
2	15518991	15519912
1	15519913	15520009
2	15520010	15520616
1	15520617	15520719
2	15520720	15521296
1	15521297	15521364
2	15521365	15522343
1	15522344	15523184
2	15523185	15524573
1	15524574	15528494
2	15528495	15546314
1	15546315	15553825
2	15553826	15556165
1	15556166	15556526
2	15556527	15558659
1	15558660	15559112
2	15559113	15569413
1	15569414	15569669
2	15569670	15571774
1	15571775	15571868
2	15571869	15573637
1	15573638	15573899
2	15573900	15576473
1	15576474	15576737
2	15576738	15578447
1	15578448	15578530
2	15578531	15581275
1	15581276	15601806
2	15601807	15603486
1	15603487	15603730
2	15603731	15605928
1	15605929	15613000
2	15613001	15617230
1	15617231	15641670
2	15641671	15642225
2	15642226	15642761
1	15642762	15643035
2	15643036	15643641
1	15643642	15643951
2	15643952	15644492
1	15644493	15644578
2	15644579	15645354
1	15645355	15645636
2	15645637	15646196
1	15646197	15647571
2	15647572	15649110
1	15649111	15649754
2	15649755	15650490
1	15650491	15650727
2	15650728	15651258
1	15651259	15652035
2	15652036	15652541
1	15652542	15652806
2	15652807	15653451
1	15653452	15653648
2	15653649	15654115
1	15654116	15654347
2	15654348	15654909
1	15654910	15654966
2	15654967	15655379
1	15655380	15672819
2	15672820	15674570
1	15674571	15674732
2	15674733	15676545
1	15676546	15679451
2	15679452	15681002
1	15681003	15681616
2	15681617	15685147
1	15685148	15690693
2	15690694	15692950
1	15692951	15709552
2	15709553	15710849
1	15710850	15710918
2	15710919	15713173
1	15713174	15714610
2	15714611	15721530
1	15721531	15740502
2	15740503	15741799
1	15741800	15801421
2	15801422	15801983
1	15801984	15802584
2	15802585	15803077
1	15803078	15803180
2	15803181	15809510
1	15809511	15810078
2	15810079	15811721
1	15811722	15811833
2	15811834	15819523
1	15819524	15819987
2	15819988	15825104
1	15825105	15826894
2	15826895	15828488
1	15828489	15828792
2	15828793	15830582
1	15830583	15836505
2	15836506	15836595
1	15836596	15869190
2	15869191	15869572
1	15869573	15877692
2	15877693	15878847
1	15878848	15893255
2	15893256	15917961
1	15917962	15918904
2	15918905	15947897
1	15947898	15948195
2	15948196	15949565
1	15949566	15949649
2	15949650	15951533
1	15951534	15951942
2	15951943	15953709
1	15953710	15953935
2	15953936	15960972
1	15960973	15961303
2	15961304	15963002
1	15963003	15968467
2	15968468	15969528
1	15969529	15969969
2	15969970	15971535
1	15971536	15971623
2	15971624	15973104
1	15973105	15973199
2	15973200	15974988
1	15974989	15980883
2	15980884	15981141
1	15981142	15981335
2	15981336	15985564
1	15985565	15985768
2	15985769	15997836
1	15997837	15999651
2	15999652	16004912
1	16004913	16010264
2	16010265	16011417
1	16011418	16013507
2	16013508	16014606
1	16014607	16024288
2	16024289	16024391
1	16024392	16025861
2	16025862	16026290
1	16026291	16026877
2	16026878	16027270
1	16027271	16027623
2	16027624	16027953
1	16027954	16028584
2	16028585	16030327
1	16030328	16042334
2	16042335	16043403
1	16043404	16045058
2	16045059	16075126
1	16075127	16075650
2	16075651	16076738
1	16076739	16078320
2	16078321	16080625
1	16080626	16080726
2	16080727	16083492
1	16083493	16088867
2	16088868	16090593
1	16090594	16090933
2	16090934	16093188
1	16093189	16096531
2	16096532	16098727
1	16098728	16098951
2	16098952	16099528
1	16099529	16099693
2	16099694	16105726
1	16105727	16106311
2	16106312	16114751
1	16114752	16119117
2	16119118	16121631
1	16121632	16122716
2	16122717	16124083
1	16124084	16124093
2	16124094	16124732
1	16124733	16132600
2	16132601	16137136
1	16137137	16162554
2	16162555	16163206
1	16163207	16163828
2	16163829	16164480
1	16164481	16169909
2	16169910	16170356
1	16170357	16170444
2	16170445	16170735
1	16170736	16189601
2	16189602	16190319
1	16190320	16190967
2	16190968	16191952
1	16191953	16192319
2	16192320	16193026
1	16193027	16193442
2	16193443	16194026
1	16194027	16194427
2	16194428	16195132
1	16195133	16207027
2	16207028	16207476
1	16207477	16215130
2	16215131	16215203
1	16215204	16219225
2	16219226	16221837
1	16221838	16224180
2	16224181	16225138
1	16225139	16225183
2	16225184	16225877
1	16225878	16227239
2	16227240	16230099
1	16230100	16230822
2	16230823	16232562
1	16232563	16242659
2	16242660	16245455
1	16245456	16248951
2	16248952	16250291
1	16250292	16252136
2	16252137	16252822
1	16252823	16254284
2	16254285	16254705
1	16254706	16255839
2	16255840	16256347
1	16256348	16256442
2	16256443	16257251
1	16257252	16257812
2	16257813	16258200
1	16258201	16258896
2	16258897	16261256
1	16261257	16262491
2	16262492	16263011
1	16263012	16263468
2	16263469	16264002
1	16264003	16264381
2	16264382	16265018
1	16265019	16266008
2	16266009	16266708
1	16266709	16270534
2	16270535	16271280
1	16271281	16271557
2	16271558	16272371
1	16272372	16273503
2	16273504	16273960
1	16273961	16274231
2	16274232	16275030
1	16275031	16275908
2	16275909	16277021
1	16277022	16277779
2	16277780	16278496
1	16278497	16280679
2	16280680	16281522
1	16281523	16282811
2	16282812	16284050
1	16284051	16287810
2	16287811	16288647
1	16288648	16294552
2	16294553	16295127
1	16295128	16295589
2	16295590	16296278
1	16296279	16297381
2	16297382	16297762
1	16297763	16298324
2	16298325	16298970
1	16298971	16299699
2	16299700	16300305
1	16300306	16300945
2	16300946	16301580
1	16301581	16302039
2	16302040	16304418
1	16304419	16307384
2	16307385	16308249
1	16308250	16311123
2	16311124	16311790
1	16311791	16312955
2	16312956	16313554
1	16313555	16313929
2	16313930	16314372
1	16314373	16316771
2	16316772	16317408
1	16317409	16319156
2	16319157	16319862
1	16319863	16320357
2	16320358	16320993
1	16320994	16321940
2	16321941	16322634
1	16322635	16324139
2	16324140	16324867
1	16324868	16325032
2	16325033	16325889
1	16325890	16326412
2	16326413	16326882
1	16326883	16332102
2	16332103	16338341
1	16338342	16339422
2	16339423	16340720
1	16340721	16343016
2	16343017	16343089
1	16343090	16346332
2	16346333	16347397
1	16347398	16347845
2	16347846	16354990
1	16354991	16355702
2	16355703	16356850
1	16356851	16357998
2	16357999	16358807
1	16358808	16358993
2	16358994	16360440
1	16360441	16361488
2	16361489	16362618
1	16362619	16364037
2	16364038	16371666
1	16371667	16372073
2	16372074	16374670
1	16374671	16374871
2	16374872	16379057
1	16379058	16379426
2	16379427	16383916
1	16383917	16387685
2	16387686	16389980
1	16389981	16395895
2	16395896	16404928
1	16404929	16408391
2	16408392	16410277
1	16410278	16410448
2	16410449	16412402
1	16412403	16415894
2	16415895	16445058
1	16445059	16463485
2	16463486	16476750
1	16476751	16484937
2	16484938	16489336
1	16489337	16490750
2	16490751	16493560
1	16493561	16537666
2	16537667	16538728
1	16538729	16549922
2	16549923	16551058
1	16551059	16559849
2	16559850	16560400
1	16560401	16569958
2	16569959	16573406
1	16573407	16573497
2	16573498	16574647
1	16574648	16574736
2	16574737	16575867
1	16575868	16576127
2	16576128	16577122
1	16577123	16579207
2	16579208	16580157
1	16580158	16580256
2	16580257	16581243
1	16581244	16583158
2	16583159	16584150
1	16584151	16584306
2	16584307	16588114
1	16588115	16593547
2	16593548	16595823
1	16595824	16601237
2	16601238	16602447
1	16602448	16602499
2	16602500	16603518
1	16603519	16603761
2	16603762	16605299
1	16605300	16605585
2	16605586	16606050
1	16606051	16606317
2	16606318	16608572
1	16608573	16608965
2	16608966	16640982
1	16640983	16646868
2	16646869	16647106
1	16647107	16655656
2	16655657	16661034
1	16661035	16663454
2	16663455	16663841
1	16663842	16664763
2	16664764	16666655
1	16666656	16667063
2	16667064	16669364
1	16669365	16682367
2	16682368	16690997
1	16690998	16698072
2	16698073	16699528
1	16699529	16705225
2	16705226	16717675
1	16717676	16717960
2	16717961	16718475
1	16718476	16719640
2	16719641	16720388
1	16720389	16720398
2	16720399	16721089
1	16721090	16721595
2	16721596	16723918
1	16723919	16726645
2	16726646	16732464
1	16732465	16748588
2	16748589	16748820
1	16748821	16769630
2	16769631	16772836
1	16772837	16773199
2	16773200	16775519
1	16775520	16778341
2	16778342	16780041
1	16780042	16802757
2	16802758	16822174
1	16822175	16837667
2	16837668	16838091
1	16838092	16839326
2	16839327	16840100
1	16840101	16846850
2	16846851	16851812
1	16851813	16852179
2	16852180	16853629
1	16853630	16853721
2	16853722	16854938
1	16854939	16856263
2	16856264	16858089
1	16858090	16870408
2	16870409	16872472
1	16872473	16917013
2	16917014	16920534
1	16920535	16921480
2	16921481	16928636
1	16928637	16931429
2	16931430	16932052
1	16932053	16932199
2	16932200	16936049
1	16936050	16937522
2	16937523	16938978
1	16938979	16947921
2	16947922	16961824
1	16961825	16963112
2	16963113	16987488
1	16987489	16991556
2	16991557	16991624
1	16991625	17005985
2	17005986	17009280
1	17009281	17009635
2	17009636	17013370
1	17013371	17013447
2	17013448	17015956
1	17015957	17016222
2	17016223	17016841
1	17016842	17017427
2	17017428	17020217
1	17020218	17025154
2	17025155	17025708
1	17025709	17026218
2	17026219	17026776
1	17026777	17029958
2	17029959	17035674
1	17035675	17037500
2	17037501	17038138
1	17038139	17039162
2	17039163	17041490
1	17041491	17042611
2	17042612	17048554
1	17048555	17048712
2	17048713	17051633
1	17051634	17159962
2	17159963	17160642
1	17160643	17231712
2	17231713	17235228
1	17235229	17236535
2	17236536	17237846
1	17237847	17245476
2	17245477	17247037
1	17247038	17252760
2	17252761	17253550
1	17253551	17257515
2	17257516	17258086
1	17258087	17268149
2	17268150	17268649
1	17268650	17308105
2	17308106	17308205
1	17308206	17313068
2	17313069	17313911
1	17313912	17315940
2	17315941	17317593
1	17317594	17317717
2	17317718	17318618
1	17318619	17320832
2	17320833	17322269
1	17322270	17327105
2	17327106	17327599
1	17327600	17329020
2	17329021	17330197
1	17330198	17330271
2	17330272	17332362
1	17332363	17333008
2	17333009	17333080
1	17333081	17333378
2	17333379	17334416
1	17334417	17335149
2	17335150	17337796
1	17337797	17338046
2	17338047	17342766
1	17342767	17345518
2	17345519	17351156
1	17351157	17352781
2	17352782	17354911
1	17354912	17359874
2	17359875	17360465
1	17360466	17360852
2	17360853	17372630
1	17372631	17373125
2	17373126	17375828
1	17375829	17376735
2	17376736	17382056
1	17382057	17393446
2	17393447	17394448
1	17394449	17414886
2	17414887	17418317
1	17418318	17418576
2	17418577	17419382
1	17419383	17419385
2	17419386	17420230
1	17420231	17420404
2	17420405	17421936
1	17421937	17422035
2	17422036	17426290
1	17426291	17427571
2	17427572	17429531
1	17429532	17432500
2	17432501	17450561
1	17450562	17453208
2	17453209	17453596
1	17453597	17459044
2	17459045	17459868
1	17459869	17463226
2	17463227	17467617
1	17467618	17467860
2	17467861	17469224
1	17469225	17469321
2	17469322	17470203
1	17470204	17470894
2	17470895	17472026
1	17472027	17473228
2	17473229	17479330
1	17479331	17487979
2	17487980	17488400
1	17488401	17504954
2	17504955	17507012
1	17507013	17507397
2	17507398	17517840
1	17517841	17521799
2	17521800	17521940
1	17521941	17523180
2	17523181	17539760
1	17539761	17539838
2	17539839	17542227
1	17542228	17542925
2	17542926	17544080
1	17544081	17544103
2	17544104	17550888
1	17550889	17559141
2	17559142	17559262
1	17559263	17613222
2	17613223	17614725
1	17614726	17621156
2	17621157	17621303
1	17621304	17624489
2	17624490	17625353
1	17625354	17626139
2	17626140	17626417
1	17626418	17626548
2	17626549	17631101
1	17631102	17631202
2	17631203	17638136
1	17638137	17638585
2	17638586	17639837
1	17639838	17642661
2	17642662	17647380
1	17647381	17647716
2	17647717	17648745
1	17648746	17661687
2	17661688	17661830
1	17661831	17664721
2	17664722	17676681
1	17676682	17712292
2	17712293	17712954
1	17712955	17716817
2	17716818	17722344
1	17722345	17733639
2	17733640	17735640
1	17735641	17738272
2	17738273	17739960
1	17739961	17741932
2	17741933	17743688
1	17743689	17751211
2	17751212	17752653
1	17752654	17752796
2	17752797	17756004
1	17756005	17777887
2	17777888	17778384
1	17778385	17784178
2	17784179	17784586
1	17784587	17785187
2	17785188	17790694
1	17790695	17790837
2	17790838	17795379
1	17795380	17795589
2	17795590	17797815
1	17797816	17798015
2	17798016	17799465
1	17799466	17799550
2	17799551	17802246
1	17802247	17802330
2	17802331	17807219
1	17807220	17808669
2	17808670	17811021
1	17811022	17811172
2	17811173	17813293
1	17813294	17813592
2	17813593	17815934
1	17815935	17826376
2	17826377	17826725
1	17826726	17827844
2	17827845	17828274
1	17828275	17832890
2	17832891	17834527
1	17834528	17834770
2	17834771	17835699
1	17835700	17836824
2	17836825	17839601
1	17839602	17840015
2	17840016	17842701
1	17842702	17842826
2	17842827	17845553
1	17845554	17845723
2	17845724	17849894
1	17849895	17851573
2	17851574	17853582
1	17853583	17861839
2	17861840	17863673
1	17863674	17867814
2	17867815	17869673
1	17869674	17876748
2	17876749	17877476
1	17877477	17878353
2	17878354	17878628
1	17878629	17879047
2	17879048	17879745
1	17879746	17880804
2	17880805	17884504
1	17884505	17884919
2	17884920	17888962
1	17888963	17891988
2	17891989	17900912
1	17900913	17902582
2	17902583	17905665
1	17905666	17927131
2	17927132	17939214
1	17939215	17940291
2	17940292	17940800
1	17940801	17996077
2	17996078	17996178
1	17996179	18033416
2	18033417	18034838
1	18034839	18035832
2	18035833	18037314
1	18037315	18061827
2	18061828	18063250
1	18063251	18063399
2	18063400	18065223
1	18065224	18065461
2	18065462	18066963
1	18066964	18067603
2	18067604	18068184
1	18068185	18070680
2	18070681	18071203
1	18071204	18079773
2	18079774	18080420
1	18080421	18081516
2	18081517	18099249
1	18099250	18099678
2	18099679	18100599
1	18100600	18100947
2	18100948	18102674
1	18102675	18102913
2	18102914	18105947
1	18105948	18106058
2	18106059	18112250
1	18112251	18114031
2	18114032	18115089
1	18115090	18122039
2	18122040	18125789
1	18125790	18128885
2	18128886	18129331
1	18129332	18132501
2	18132502	18138518
1	18138519	18142022
2	18142023	18146907
1	18146908	18147996
2	18147997	18155622
1	18155623	18160844
2	18160845	18178741
1	18178742	18189271
2	18189272	18190032
1	18190033	18194593
2	18194594	18196737
1	18196738	18245187
2	18245188	18245946
1	18245947	18285224
2	18285225	18287362
1	18287363	18287703
2	18287704	18288900
1	18288901	18291841
2	18291842	18294360
1	18294361	18295818
2	18295819	18297517
1	18297518	18390634
2	18390635	18391535
1	18391536	18431660
2	18431661	18433042
1	18433043	18433829
2	18433830	18434971
1	18434972	18449498
2	18449499	18449900
1	18449901	18450300
2	18450301	18450650
1	18450651	18452563
2	18452564	18454124
1	18454125	18455056
2	18455057	18456263
1	18456264	18462477
2	18462478	18462718
1	18462719	18465242
2	18465243	18465484
1	18465485	18468397
2	18468398	18468779
1	18468780	18471921
2	18471922	18472323
1	18472324	18478236
2	18478237	18495657
1	18495658	18520075
2	18520076	18520545
1	18520546	18553357
2	18553358	18569426
1	18569427	18576536
2	18576537	18577335
1	18577336	18581858
2	18581859	18583265
1	18583266	18585402
2	18585403	18586871
1	18586872	18589421
2	18589422	18589892
1	18589893	18591094
2	18591095	18591529
1	18591530	18596524
2	18596525	18598515
1	18598516	18598571
2	18598572	18600449
1	18600450	18600561
2	18600562	18602612
1	18602613	18602719
2	18602720	18604962
1	18604963	18604999
2	18605000	18607104
1	18607105	18611489
2	18611490	18611561
1	18611562	18615791
2	18615792	18617851
1	18617852	18619058
2	18619059	18660277
1	18660278	18660460
2	18660461	18661235
1	18661236	18661252
2	18661253	18666424
1	18666425	18666573
2	18666574	18668513
1	18668514	18668899
2	18668900	18670976
1	18670977	18673508
2	18673509	18673879
1	18673880	18674136
2	18674137	18674936
1	18674937	18675283
2	18675284	18675960
1	18675961	18675994
2	18675995	18677161
1	18677162	18677358
2	18677359	18679419
1	18679420	18686451
2	18686452	18687052
1	18687053	18687286
2	18687287	18688748
1	18688749	18689501
2	18689502	18691512
1	18691513	18701032
2	18701033	18701792
1	18701793	18714992
2	18714993	18716372
1	18716373	18716906
2	18716907	18717412
1	18717413	18737587
2	18737588	18738799
1	18738800	18739710
2	18739711	18741467
1	18741468	18741786
2	18741787	18743583
1	18743584	18743706
2	18743707	18794409
1	18794410	18795364
2	18795365	18813775
1	18813776	18814270
2	18814271	18815453
1	18815454	18815703
2	18815704	18821288
1	18821289	18834678
2	18834679	18835886
1	18835887	18847416
2	18847417	18847722
1	18847723	18849988
2	18849989	18850795
1	18850796	18854070
2	18854071	18854154
1	18854155	18856746
2	18856747	18858614
1	18858615	18859324
2	18859325	18860531
1	18860532	18860870
2	18860871	18862319
1	18862320	18863323
2	18863324	18863997
1	18863998	18865846
2	18865847	18871345
1	18871346	18871349
2	18871350	18883583
1	18883584	18889288
2	18889289	18889556
1	18889557	18891974
2	18891975	18893017
1	18893018	18893694
2	18893695	18894654
1	18894655	18894693
2	18894694	18896052
1	18896053	18896156
2	18896157	18898030
1	18898031	18901359
2	18901360	18904282
1	18904283	18912323
2	18912324	18913419
1	18913420	18913529
2	18913530	18915208
1	18915209	18918189
2	18918190	18919208
1	18919209	18943728
2	18943729	18948506
1	18948507	18972467
2	18972468	18972690
1	18972691	18978060
2	18978061	18978734
1	18978735	18979004
2	18979005	18981423
1	18981424	18981835
2	18981836	18982915
1	18982916	18990974
2	18990975	18993708
1	18993709	18994084
2	18994085	18996352
1	18996353	18996840
2	18996841	19038549
1	19038550	19043856
2	19043857	19045126
1	19045127	19045401
2	19045402	19045890
1	19045891	19046001
2	19046002	19046489
1	19046490	19052499
2	19052500	19055916
1	19055917	19056264
2	19056265	19059251
1	19059252	19059254
2	19059255	19079526
1	19079527	19083682
2	19083683	19084075
1	19084076	19085769
2	19085770	19087860
1	19087861	19087989
2	19087990	19089317
1	19089318	19089498
2	19089499	19090809
1	19090810	19091098
2	19091099	19092164
1	19092165	19092222
2	19092223	19093463
1	19093464	19121549
2	19121550	19122765
1	19122766	19222160
2	19222161	19223202
1	19223203	19229459
2	19229460	19230157
1	19230158	19232963
2	19232964	19233239
1	19233240	19246389
2	19246390	19248161
1	19248162	19248439
2	19248440	19250211
1	19250212	19253139
2	19253140	19253995
1	19253996	19259572
2	19259573	19262013
1	19262014	19262871
2	19262872	19263742
1	19263743	19268890
2	19268891	19273019
1	19273020	19273219
2	19273220	19273900
1	19273901	19274463
2	19274464	19285866
1	19285867	19291722
2	19291723	19330709
1	19330710	19380679
2	19380680	19383133
1	19383134	19398638
2	19398639	19399113
1	19399114	19416857
2	19416858	19417246
1	19417247	19417801
2	19417802	19418026
1	19418027	19433026
2	19433027	19434295
1	19434296	19434818
2	19434819	19439544
1	19439545	19440272
2	19440273	19443338
1	19443339	19447859
2	19447860	19448772
1	19448773	19457148
2	19457149	19457859
1	19457860	19459666
2	19459667	19460179
1	19460180	19460445
2	19460446	19461260
1	19461261	19464755
2	19464756	19465328
1	19465329	19465590
2	19465591	19466245
1	19466246	19468116
2	19468117	19468678
1	19468679	19468959
2	19468960	19469523
1	19469524	19471383
2	19471384	19471770
1	19471771	19476925
2	19476926	19479598
1	19479599	19480659
2	19480660	19481448
1	19481449	19485152
2	19485153	19490823
1	19490824	19491296
2	19491297	19493898
1	19493899	19494109
2	19494110	19496970
1	19496971	19498085
2	19498086	19498395
1	19498396	19510651
2	19510652	19511432
1	19511433	19512748
2	19512749	19513519
1	19513520	19514044
2	19514045	19520372
1	19520373	19525842
2	19525843	19531389
1	19531390	19536199
2	19536200	19536722
1	19536723	19538209
2	19538210	19540393
1	19540394	19545519
2	19545520	19547867
1	19547868	19548632
2	19548633	19550302
1	19550303	19553919
2	19553920	19554290
1	19554291	19558230
2	19558231	19558308
1	19558309	19559950
2	19559951	19577668
1	19577669	19578192
2	19578193	19579103
1	19579104	19582171
2	19582172	19583624
1	19583625	19583872
2	19583873	19591855
1	19591856	19592187
2	19592188	19594482
1	19594483	19594732
2	19594733	19597220
1	19597221	19597497
2	19597498	19599190
1	19599191	19600956
2	19600957	19605299
1	19605300	19606526
2	19606527	19611621
1	19611622	19611993
2	19611994	19613498
1	19613499	19613601
2	19613602	19617409
1	19617410	19617505
2	19617506	19628883
1	19628884	19630306
2	19630307	19635916
1	19635917	19640379
2	19640380	19642951
1	19642952	19643605
2	19643606	19657204
1	19657205	19672020
2	19672021	19673221
1	19673222	19677040
2	19677041	19680453
1	19680454	19680736
2	19680737	19683092
1	19683093	19683132
2	19683133	19688360
1	19688361	19694076
2	19694077	19701115
1	19701116	19707517
2	19707518	19711428
1	19711429	19722093
2	19722094	19723502
1	19723503	19738933
2	19738934	19742844
1	19742845	19753508
2	19753509	19754917
1	19754918	19791060
2	19791061	19791159
1	19791160	19792377
2	19792378	19796527
1	19796528	19796837
2	19796838	19798180
1	19798181	19798340
2	19798341	19799136
1	19799137	19799910
2	19799911	19800299
1	19800300	19800331
2	19800332	19803498
1	19803499	19803502
2	19803503	19806439
1	19806440	19806869
2	19806870	19809038
1	19809039	19809184
2	19809185	19811067
1	19811068	19811273
2	19811274	19823786
1	19823787	19823963
2	19823964	19827404
1	19827405	19827769
2	19827770	19829513
1	19829514	19829713
2	19829714	19838044
1	19838045	19838392
2	19838393	19854025
1	19854026	19854557
2	19854558	19854969
1	19854970	19860587
2	19860588	19864178
1	19864179	19864238
2	19864239	19874883
1	19874884	19888315
2	19888316	19889491
1	19889492	19902464
2	19902465	19903303
1	19903304	19905504
2	19905505	19906815
1	19906816	19908150
2	19908151	19911260
1	19911261	19911341
2	19911342	19916562
1	19916563	19916770
2	19916771	19917788
1	19917789	19918042
2	19918043	19920275
1	19920276	19920293
2	19920294	19921608
1	19921609	19921842
2	19921843	19926030
1	19926031	19926819
2	19926820	19927301
1	19927302	19943122
2	19943123	19944235
1	19944236	19945053
2	19945054	19945890
1	19945891	19946070
2	19946071	19946812
1	19946813	19946893
2	19946894	19947626
1	19947627	19947646
2	19947647	19948899
1	19948900	19971812
2	19971813	19972912
1	19972913	19974784
2	19974785	19977291
1	19977292	19977525
2	19977526	19978968
1	19978969	19981126
2	19981127	19982047
1	19982048	19982805
2	19982806	19983839
1	19983840	19984986
2	19984987	19989369
1	19989370	19993743
2	19993744	19995546
1	19995547	19995835
2	19995836	19997934
1	19997935	19998400
2	19998401	20017707
1	20017708	20020918
2	20020919	20022120
1	20022121	20051610
2	20051611	20082107
1	20082108	20091183
2	20091184	20096927
1	20096928	20097602
2	20097603	20098644
1	20098645	20099193
2	20099194	20100657
1	20100658	20101583
2	20101584	20104634
1	20104635	20105364
2	20105365	20105947
1	20105948	20117397
2	20117398	20120481
1	20120482	20123550
2	20123551	20124843
1	20124844	20125131
2	20125132	20126368
1	20126369	20132309
2	20132310	20133707
1	20133708	20181621
2	20181622	20182879
1	20182880	20193542
2	20193543	20194738
1	20194739	20195169
2	20195170	20196787
1	20196788	20197408
2	20197409	20199146
1	20199147	20200633
2	20200634	20202700
1	20202701	20203391
2	20203392	20205222
1	20205223	20211599
2	20211600	20213520
1	20213521	20214913
2	20214914	20216297
1	20216298	20217031
2	20217032	20218424
1	20218425	20219480
2	20219481	20223350
1	20223351	20234366
2	20234367	20238412
1	20238413	20241179
2	20241180	20258654
1	20258655	20258913
2	20258914	20261900
1	20261901	20266488
2	20266489	20268435
1	20268436	20283801
2	20283802	20284252
1	20284253	20288901
2	20288902	20290071
1	20290072	20292509
2	20292510	20295395
1	20295396	20297409
2	20297410	20299383
1	20299384	20302753
2	20302754	20306566
1	20306567	20310289
2	20310290	20313216
1	20313217	20314051
2	20314052	20315458
1	20315459	20315476
2	20315477	20316309
1	20316310	20335733
2	20335734	20337419
1	20337420	20338221
2	20338222	20338820
1	20338821	20338835
2	20338836	20341042
1	20341043	20346548
2	20346549	20349732
1	20349733	20349906
2	20349907	20351431
1	20351432	20351611
2	20351612	20352920
1	20352921	20352932
2	20352933	20354685
1	20354686	20354942
2	20354943	20359824
1	20359825	20360297
2	20360298	20363359
1	20363360	20364771
2	20364772	20368996
1	20368997	20369341
2	20369342	20375498
1	20375499	20375504
2	20375505	20377209
1	20377210	20382950
2	20382951	20384487
1	20384488	20384784
2	20384785	20386653
1	20386654	20388493
2	20388494	20388951
1	20388952	20389387
2	20389388	20394709
1	20394710	20400202
2	20400203	20403666
1	20403667	20406703
2	20406704	20417409
1	20417410	20417523
2	20417524	20419171
1	20419172	20419298
2	20419299	20420766
1	20420767	20421061
2	20421062	20423575
1	20423576	20423704
2	20423705	20425461
1	20425462	20428209
2	20428210	20429309
1	20429310	20432699
2	20432700	20433021
1	20433022	20433053
2	20433054	20433663
1	20433664	20443631
2	20443632	20445964
1	20445965	20446832
2	20446833	20446921
1	20446922	20447106
2	20447107	20447185
1	20447186	20447345
2	20447346	20447424
1	20447425	20447595
2	20447596	20447674
1	20447675	20453782
2	20453783	20455374
1	20455375	20457813
2	20457814	20459141
1	20459142	20460043
2	20460044	20462692
1	20462693	20462773
2	20462774	20466823
1	20466824	20467565
2	20467566	20470103
1	20470104	20485181
2	20485182	20490184
1	20490185	20492935
2	20492936	20494600
1	20494601	20497285
2	20497286	20498800
1	20498801	20499131
2	20499132	20500475
1	20500476	20507697
2	20507698	20512493
1	20512494	20512689
2	20512690	20513872
1	20513873	20514108
2	20514109	20515534
1	20515535	20515539
2	20515540	20519274
1	20519275	20519675
2	20519676	20521010
1	20521011	20526808
2	20526809	20528435
1	20528436	20590240
2	20590241	20613759
1	20613760	20616950
2	20616951	20617591
1	20617592	20619700
2	20619701	20620724
1	20620725	20626119
2	20626120	20626584
1	20626585	20627271
2	20627272	20627751
1	20627752	20630298
2	20630299	20634010
1	20634011	20646005
2	20646006	20647226
1	20647227	20685429
2	20685430	20688478
1	20688479	20707199
2	20707200	20708258
1	20708259	20722373
2	20722374	20722756
1	20722757	20730668
2	20730669	20732530
1	20732531	20748075
2	20748076	20748785
1	20748786	20751982
2	20751983	20752292
1	20752293	20761306
2	20761307	20762582
1	20762583	20762685
2	20762686	20763238
1	20763239	20763242
2	20763243	20764607
1	20764608	20769865
2	20769866	20771364
1	20771365	20773449
2	20773450	20779297
1	20779298	20779439
2	20779440	20781237
1	20781238	20781985
2	20781986	20785877
1	20785878	20788118
2	20788119	20788778
1	20788779	20789015
2	20789016	20789602
1	20789603	20790340
2	20790341	20791475
1	20791476	20791744
2	20791745	20793181
1	20793182	20793509
2	20793510	20799953
1	20799954	20799967
2	20799968	20802372
1	20802373	20802768
2	20802769	20806432
1	20806433	20806452
2	20806453	20809175
1	20809176	20810000
2	20810001	20811127
1	20811128	20829281
2	20829282	20830253
1	20830254	20830587
2	20830588	20831939
1	20831940	20832195
2	20832196	20834676
1	20834677	20837431
2	20837432	20878288
1	20878289	20880105
2	20880106	20881102
1	20881103	20889367
2	20889368	20890517
1	20890518	20890656
2	20890657	20891601
1	20891602	20894953
2	20894954	20895624
1	20895625	20898894
2	20898895	20899431
1	20899432	20906257
2	20906258	20906805
1	20906806	20913901
2	20913902	20914173
1	20914174	20914281
2	20914282	20914849
1	20914850	20920925
2	20920926	20922290
1	20922291	20943458
2	20943459	20943883
1	20943884	20948854
2	20948855	20949850
1	20949851	20953497
2	20953498	20954486
1	20954487	20954636
2	20954637	20955655
1	20955656	20955754
2	20955755	20959862
1	20959863	20959865
2	20959866	20963763
1	20963764	20963911
2	20963912	20967800
1	20967801	20971864
2	20971865	20972750
1	20972751	20999478
2	20999479	20999620
1	20999621	21021014
2	21021015	21023241
1	21023242	21023379
2	21023380	21024460
1	21024461	21026653
2	21026654	21027303
1	21027304	21058951
2	21058952	21059338
1	21059339	21081322
2	21081323	21082089
1	21082090	21114752
2	21114753	21116515
1	21116516	21116852
2	21116853	21117984
1	21117985	21126349
2	21126350	21129453
1	21129454	21129546
2	21129547	21165030
1	21165031	21166217
2	21166218	21168073
1	21168074	21176412
2	21176413	21186463
1	21186464	21196019
2	21196020	21201192
1	21201193	21201247
2	21201248	21203184
1	21203185	21209094
2	21209095	21209939
1	21209940	21210000
2	21210001	21212340
1	21212341	21213499
2	21213500	21216218
1	21216219	21251119
2	21251120	21251858
1	21251859	21259779
2	21259780	21261435
1	21261436	21261700
2	21261701	21262242
1	21262243	21263821
2	21263822	21273343
1	21273344	21273590
2	21273591	21274606
1	21274607	21274851
2	21274852	21279062
1	21279063	21279198
2	21279199	21283410
1	21283411	21284959
2	21284960	21285900
1	21285901	21287591
2	21287592	21289798
1	21289799	21289862
2	21289863	21290903
1	21290904	21291774
2	21291775	21292163
1	21292164	21293679
2	21293680	21294271
1	21294272	21294884
2	21294885	21297758
1	21297759	21299237
2	21299238	21311120
1	21311121	21311322
2	21311323	21311750
1	21311751	21311873
2	21311874	21328127
1	21328128	21330780
2	21330781	21336816
1	21336817	21337867
2	21337868	21342388
1	21342389	21348199
2	21348200	21349595
1	21349596	21350782
2	21350783	21352967
1	21352968	21353278
2	21353279	21354329
1	21354330	21398524
2	21398525	21399838
1	21399839	21420889
2	21420890	21426166
1	21426167	21431727
2	21431728	21434463
1	21434464	21435326
2	21435327	21437919
1	21437920	21438933
2	21438934	21441228
1	21441229	21467232
2	21467233	21469579
1	21469580	21477990
2	21477991	21483686
1	21483687	21484498
2	21484499	21485873
1	21485874	21486182
2	21486183	21487007
1	21487008	21494520
2	21494521	21497059
1	21497060	21505240
2	21505241	21508987
1	21508988	21509405
2	21509406	21515784
1	21515785	21516285
2	21516286	21521263
1	21521264	21521645
2	21521646	21522215
1	21522216	21523058
2	21523059	21526813
1	21526814	21527759
2	21527760	21529961
1	21529962	21530099
2	21530100	21531682
1	21531683	21531958
2	21531959	21532547
1	21532548	21532961
2	21532962	21534315
1	21534316	21535458
2	21535459	21536112
1	21536113	21536949
2	21536950	21548028
1	21548029	21548472
2	21548473	21551326
1	21551327	21552073
2	21552074	21555281
1	21555282	21558525
2	21558526	21560885
1	21560886	21561158
2	21561159	21561998
1	21561999	21562275
2	21562276	21566623
1	21566624	21567113
2	21567114	21567221
1	21567222	21567230
2	21567231	21568974
1	21568975	21569132
2	21569133	21570319
1	21570320	21587696
2	21587697	21588560
1	21588561	21606896
2	21606897	21610476
1	21610477	21610722
2	21610723	21612973
1	21612974	21613099
2	21613100	21618747
1	21618748	21621424
2	21621425	21627546
1	21627547	21628404
2	21628405	21629351
1	21629352	21630046
2	21630047	21632160
1	21632161	21632458
2	21632459	21633810
1	21633811	21634094
2	21634095	21635699
1	21635700	21638057
2	21638058	21659406
1	21659407	21659551
2	21659552	21660080
1	21660081	21660523
2	21660524	21661157
1	21661158	21661813
2	21661814	21661902
1	21661903	21671101
2	21671102	21672813
1	21672814	21677099
2	21677100	21678051
1	21678052	21683711
2	21683712	21699465
1	21699466	21717425
2	21717426	21721906
1	21721907	21722774
2	21722775	21723554
1	21723555	21723824
2	21723825	21724650
1	21724651	21725905
2	21725906	21726587
1	21726588	21727198
2	21727199	21727888
1	21727889	21728965
2	21728966	21729301
1	21729302	21730805
2	21730806	21731530
1	21731531	21732578
2	21732579	21733409
1	21733410	21734633
2	21734634	21735541
1	21735542	21736347
2	21736348	21737369
1	21737370	21750256
2	21750257	21751146
1	21751147	21762914
2	21762915	21764421
1	21764422	21768130
2	21768131	21771105
1	21771106	21806104
2	21806105	21806798
1	21806799	21815096
2	21815097	21816409
1	21816410	21816560
2	21816561	21817671
1	21817672	21820873
2	21820874	21821580
1	21821581	21822353
2	21822354	21823319
1	21823320	21823643
2	21823644	21825353
1	21825354	21829764
2	21829765	21834456
1	21834457	21834907
2	21834908	21835486
1	21835487	21847193
2	21847194	21847265
1	21847266	21877610
2	21877611	21880139
1	21880140	21931733
2	21931734	21934912
1	21934913	21942924
2	21942925	21944650
1	21944651	21948209
2	21948210	21951141
1	21951142	21952353
2	21952354	21953603
1	21953604	21954970
2	21954971	21955296
1	21955297	21955500
2	21955501	21963064
1	21963065	21965101
2	21965102	21977706
1	21977707	21978309
2	21978310	21980290
1	21980291	22019329
2	22019330	22021425
1	22021426	22022552
2	22022553	22022870
1	22022871	22023068
2	22023069	22023741
1	22023742	22028102
2	22028103	22058379
1	22058380	22059006
2	22059007	22060316
1	22060317	22060343
2	22060344	22064948
1	22064949	22065468
2	22065469	22065720
1	22065721	22066167
2	22066168	22067623
1	22067624	22068155
2	22068156	22068856
1	22068857	22068966
2	22068967	22070587
1	22070588	22073421
2	22073422	22073654
1	22073655	22075819
2	22075820	22076467
1	22076468	22115031
2	22115032	22115316
1	22115317	22115832
2	22115833	22116020
1	22116021	22218619
2	22218620	22218978
1	22218979	22250848
2	22250849	22256021
1	22256022	22258905
2	22258906	22259779
1	22259780	22260481
2	22260482	22266845
1	22266846	22267084
2	22267085	22277435
1	22277436	22277453
2	22277454	22281295
1	22281296	22281764
2	22281765	22285910
1	22285911	22322877
2	22322878	22323757
1	22323758	22413954
2	22413955	22414300
1	22414301	22447472
2	22447473	22449089
1	22449090	22451915
2	22451916	22454231
1	22454232	22458718
2	22458719	22461176
1	22461177	22461961
2	22461962	22462953
1	22462954	22463655
2	22463656	22466609
1	22466610	22467051
2	22467052	22467531
1	22467532	22467894
2	22467895	22468892
1	22468893	22489441
2	22489442	22490214
1	22490215	22491409
2	22491410	22491939
1	22491940	22494699
2	22494700	22495517
1	22495518	22496077
2	22496078	22496930
1	22496931	22496968
2	22496969	22497523
1	22497524	22497586
2	22497587	22498318
1	22498319	22503365
2	22503366	22504167
1	22504168	22511295
2	22511296	22511391
1	22511392	22541536
2	22541537	22542442
1	22542443	22543325
2	22543326	22545119
1	22545120	22599468
2	22599469	22600226
1	22600227	22636980
2	22636981	22637570
1	22637571	22638726
2	22638727	22639336
1	22639337	22639406
2	22639407	22640059
1	22640060	22640286
2	22640287	22640848
1	22640849	22641026
2	22641027	22641619
1	22641620	22641771
2	22641772	22642387
1	22642388	22642495
2	22642496	22643088
1	22643089	22644954
2	22644955	22645625
1	22645626	22662388
2	22662389	22662480
1	22662481	22663055
2	22663056	22673134
1	22673135	22679459
2	22679460	22680187
1	22680188	22680321
2	22680322	22681388
1	22681389	22684773
2	22684774	22685628
1	22685629	22686423
2	22686424	22686912
1	22686913	22687182
2	22687183	22687748
1	22687749	22689052
2	22689053	22689535
1	22689536	22690329
2	22690330	22691070
1	22691071	22692532
2	22692533	22692970
1	22692971	22705254
2	22705255	22706760
1	22706761	22707412
2	22707413	22710677
1	22710678	22710827
2	22710828	22713043
1	22713044	22714329
2	22714330	22715191
1	22715192	22719333
2	22719334	22720889
1	22720890	22722865
2	22722866	22724700
1	22724701	22726251
2	22726252	22731520
1	22731521	22731807
2	22731808	22732534
1	22732535	22734892
2	22734893	22741714
1	22741715	22742543
2	22742544	22780731
1	22780732	22782332
2	22782333	22828294
1	22828295	22830167
2	22830168	22831270
1	22831271	22833392
2	22833393	22834402
1	22834403	22836363
2	22836364	22836446
1	22836447	22840824
2	22840825	22840896
1	22840897	22845369
2	22845370	22846612
1	22846613	22847682
2	22847683	22849159
1	22849160	22853886
2	22853887	22854590
1	22854591	22856963
2	22856964	22857596
1	22857597	22860587
2	22860588	22861343
1	22861344	22862644
2	22862645	22862722
1	22862723	22866801
2	22866802	22872084
1	22872085	22872188
2	22872189	22874063
1	22874064	22874144
2	22874145	22886921
1	22886922	22889226
2	22889227	22889719
1	22889720	22891290
2	22891291	22891680
1	22891681	22891843
2	22891844	22893362
1	22893363	22895011
2	22895012	22898570
1	22898571	22902417
2	22902418	22902787
1	22902788	22903590
2	22903591	22916632
1	22916633	22938756
2	22938757	22945348
1	22945349	22947520
2	22947521	22948402
1	22948403	22954029
2	22954030	22954768
1	22954769	22980741
2	22980742	22981362
1	22981363	22991471
2	22991472	23033400
1	23033401	23086289
2	23086290	23088571
1	23088572	23090171
2	23090172	23096560
1	23096561	23119124
2	23119125	23125309
1	23125310	23129722
2	23129723	23131371
1	23131372	23142629
2	23142630	23143768
1	23143769	23176698
2	23176699	23177013
1	23177014	23181202
2	23181203	23181992
1	23181993	23199768
2	23199769	23280548
1	23280549	23311745
2	23311746	23331200
1	23331201	23332425
2	23332426	23339036
1	23339037	23547692
2	23547693	23682740
1	23682741	23683725
2	23683726	23684768
1	23684769	23708122
2	23708123	23709789
1	23709790	23719928
2	23719929	23721089
1	23721090	23724713
2	23724714	23725277
1	23725278	23731059
2	23731060	23742158
1	23742159	23777330
2	23777331	23780505
1	23780506	23874832
2	23874833	23876242
1	23876243	23902218
2	23902219	23903223
1	23903224	24003030
2	24003031	24004463
1	24004464	24021614
2	24021615	24028959
1	24028960	24283389
2	24283390	24283964
1	24283965	24317965
2	24317966	24394755
1	24394756	24500000
