0
0
0.1038
0.44995
0.20765
0.20765
0.6576
1.21145
0.72685
0.6576
1.3499
1.1422
0.8307
0.76145
1.83445
1.76525
0.8307
0.69225
1.59215
1.9729
0.72685
2.4229
1.00375
1.03835
0.623
2.2152
1.3845
2.7344
0.48455
1.00375
0.5884
0.6576
1.03835
0.623
1.1076
0.72685
0.5538
2.04215
2.2498
1.79985
1.21145
1.4191
1.1422
1.76525
1.1076
2.04215
3.2882
1.1076
1.073
1.55755
2.5267
0.76145
2.56135
1.31525
0.8653
0.9345
0.8999
1.1768
1.3845
0.72685
0.44995
0.6576
0.44995
1.073
0.51915
1.59215
0.3461
0.69225
0.8307
1.55755
1.31525
2.56135
1.6614
0.96915
1.55755
1.00375
0.5538
0.41535
1.6268
1.3499
2.2152
0.9345
0.96915
1.1076
1.31525
1.9383
1.83445
1.9383
1.31525
0.72685
0.5538
2.5267
3.91125
1.4537
0.3461
1.83445
1.59215
1.696
0.5538
1.28065
0.51915
1.4537
0.5884
1.03835
2.63055
3.7728
1.7306
1.9729
1.76525
2.146
2.11135
1.55755
2.04215
1.52295
1.59215
1.3845
0.3115
0.20765
0.8307
0.9345
1.7306
0.72685
0.79605
1.1076
2.9767
3.2536
2.11135
1.1076
1.696
1.31525
0.9345
1.1076
0.9345
0.76145
0.6576
0.72685
0.24225
0.3461
0.623
1.6268
0.96915
0.48455
1.1422
0.69225
0.44995
0.5538
0.17305
0.24225
0.3807
0.17305
0.3807
0.51915
0.79605
0.72685
0.8307
0.623
0.76145
1.83445
0.3807
1.24605
0.5884
1.1768
0.2769
0.76145
1.6614
1.073
0.44995
0.5884
0.72685
0.3807
0.72685
1.79985
1.6614
0.9345
0.79605
1.073
0.6576
0.13845
0.0692
0.6576
0.3461
0.8999
0.41535
0.0346
0.0692
0.6576
0.24225
0.3461
0.51915
1.073
0.44995
0.41535
0.3461
0.24225
1.3845
0.20765
1.1768
0.20765
0.20765
1.48835
0.1038
0.0692
0
0.69225
0.0692
0.20765
0.17305
0
0.1038
0.0692
0.13845
0.0346
0.0346
0.0692
0.0346
0
0.17305
0.5884
0
0.0692
0
0
0
0.0692
0.0346
0
0
0
0.0346
0.13845
0
0.0346
0
0
0
0.0346
0
0.0346
0.0692
0
0.0346
0
0
0
0
