22428	26308	3880
53873	54751	878
66430	68995	2565
69138	69894	756
70851	71396	545
72196	73101	905
73945	75332	1387
97628	98375	747
125009	125420	411
125421	125833	412
127321	127666	345
129450	145895	16445
146433	149056	2623
149679	152589	2910
157818	158211	393
175112	176228	1116
176306	178963	2657
182522	184422	1900
184626	186310	1684
187207	199762	12555
203730	205309	1579
207184	211457	4273
211636	212687	1051
212709	216479	3770
216625	216931	306
218068	218663	595
224106	230964	6858
230971	231604	633
231681	232350	669
232480	233351	871
233926	246912	12986
250229	257954	7725
259970	260280	310
261803	261953	150
265595	265908	313
267299	270336	3037
272210	273391	1181
275155	276667	1512
277437	305292	27855
317084	317789	705
321233	324720	3487
324985	327992	3007
329822	332309	2487
332801	342915	10114
343378	346957	3579
356422	357664	1242
357981	358486	505
365664	366437	773
391981	393255	1274
393594	394299	705
433146	433906	760
434855	434918	63
500014	500451	437
500965	501400	435
527232	527578	346
527671	528129	458
528337	528996	659
542122	542931	809
543060	581099	38039
581337	582810	1473
582824	589274	6450
599094	604008	4914
605165	606569	1404
609179	609620	441
615627	616646	1019
620695	622316	1621
637486	638568	1082
642208	642288	80
648555	651311	2756
651542	652881	1339
652987	654089	1102
654363	657971	3608
677879	680326	2447
680436	682470	2034
682885	685549	2664
685942	687958	2016
688523	690081	1558
691486	692919	1433
693083	699144	6061
705330	705723	393
705948	708205	2257
708601	710607	2006
710820	711850	1030
714216	714530	314
737052	737479	427
743723	743794	71
749400	753492	4092
769503	769600	97
770363	770462	99
803427	804051	624
813300	814487	1187
820759	821514	755
827075	827144	69
827312	827383	71
827537	827620	83
827764	827843	79
829922	829992	70
830437	830511	74
831870	832008	138
832487	832639	152
833062	833209	147
834093	835515	1422
836667	837821	1154
837861	839931	2070
839980	841360	1380
841451	843701	2250
843926	851080	7154
851346	852673	1327
852720	857248	4528
865396	871701	6305
877291	882013	4722
890270	890490	220
891250	891475	225
895951	897364	1413
897380	898772	1392
902898	903810	912
909112	912319	3207
914074	993788	79714
993983	995703	1720
1034697	1036298	1601
1036369	1101089	64720
1140429	1177276	36847
1190384	1193173	2789
1194739	1195302	563
1196317	1199339	3022
1201871	1203036	1165
1203316	1204795	1479
1207371	1207981	610
1210717	1211196	479
1212827	1213406	579
1218082	1218696	614
1227747	1228238	491
1232882	1234015	1133
1234130	1235420	1290
1235472	1235702	230
1237133	1238319	1186
1241568	1245910	4342
1246073	1246923	850
1246986	1247677	691
1247817	1250451	2634
1250696	1251778	1082
1252012	1255986	3974
1256449	1274498	18049
1275956	1295699	19743
1295913	1298497	2584
1298672	1300389	1717
1300879	1302683	1804
1302944	1304717	1773
1311719	1313377	1658
1313696	1318330	4634
1321792	1322806	1014
1322877	1324221	1344
1329949	1331631	1682
1332307	1333146	839
1334889	1339415	4526
1339460	1342403	2943
1351116	1352853	1737
1379934	1380005	71
1380238	1380309	71
1380529	1380600	71
1397695	1397766	71
1397932	1398003	71
1398169	1398240	71
1398406	1398477	71
1401440	1401511	71
1401781	1401852	71
1411088	1413089	2001
1416231	1417933	1702
1421199	1423471	2272
1434336	1437872	3536
1460703	1462801	2098
1463811	1468944	5133
1470850	1472060	1210
1477619	1478369	750
1488739	1488831	92
1488906	1489045	139
1490951	1496643	5692
1498872	1498996	124
1503226	1517271	14045
1529439	1531259	1820
1534929	1536835	1906
1537137	1544823	7686
1544828	1545743	915
1553493	1555315	1822
1565392	1567802	2410
1569181	1576330	7149
1600726	1602674	1948
1610696	1615801	5105
1617348	1618158	810
1618414	1620397	1983
1625791	1628377	2586
1630348	1637752	7404
1637942	1639235	1293
1639711	1640952	1241
1641066	1645199	4133
1645931	1647464	1533
1647869	1648612	743
1651432	1652900	1468
1653005	1654112	1107
1654247	1665064	10817
1666437	1666522	85
1666665	1666745	80
1666892	1666964	72
1667192	1668654	1462
1668901	1670108	1207
1670407	1672727	2320
1694617	1696412	1795
1700956	1702407	1451
1720616	1723153	2537
1724390	1725647	1257
1730993	1735767	4774
1735853	1738106	2253
1738407	1745421	7014
1752328	1755934	3606
1759172	1771758	12586
1773605	1775108	1503
1777010	1777411	401
1777439	1778347	908
1789631	1795328	5697
1797305	1798610	1305
1802008	1802856	848
1806043	1806932	889
1807546	1807855	309
1810588	1822903	12315
1824129	1831783	7654
1832636	1835164	2528
1840281	1842084	1803
1850915	1855591	4676
1857165	1859047	1882
1859115	1862239	3124
1862881	1865240	2359
1865430	1869491	4061
1870019	1871564	1545
1871574	1876312	4738
1876551	1883041	6490
1883795	1885019	1224
1885657	1891462	5805
1893408	1910197	16789
1925641	1925712	71
1933633	1939103	5470
1939242	1940458	1216
1942734	1947475	4741
1947565	1950262	2697
1966725	1970079	3354
1970191	1971200	1009
1971638	1974285	2647
2003109	2005651	2542
2008722	2010751	2029
2020554	2021958	1404
2022070	2023391	1321
2026991	2028326	1335
2037371	2038224	853
2088166	2089626	1460
2117466	2151700	34234
2153201	2163863	10662
2167550	2169108	1558
2169553	2170971	1418
2171644	2172773	1129
2172995	2174332	1337
2185930	2187676	1746
2189160	2192221	3061
2197013	2198089	1076
2210873	2212503	1630
2229646	2235253	5607
2235284	2237076	1792
2237608	2243719	6111
2244478	2248614	4136
2248635	2252729	4094
2252744	2257423	4679
2258839	2262664	3825
2263581	2265857	2276
2266394	2267640	1246
2267858	2268590	732
2269881	2272769	2888
2273744	2273815	71
2276550	2278038	1488
2282883	2300944	18061
2317131	2317600	469
2319386	2319919	533
2322693	2345799	23106
2360557	2362686	2129
2367843	2371939	4096
2372844	2373704	860
2376484	2377556	1072
2389583	2390989	1406
2474667	2475614	947
2476259	2478448	2189
2488804	2492613	3809
2499372	2503606	4234
2503789	2504397	608
2517161	2518402	1241
2525799	2526973	1174
2554847	2586540	31693
2587456	2588883	1427
2589414	2595590	6176
2599297	2600242	945
2629834	2630693	859
2631715	2641984	10269
2642184	2643424	1240
2645368	2647192	1824
2650161	2651850	1689
2659639	2661501	1862
2661622	2663622	2000
2739750	2740228	478
2766999	2768392	1393
2768466	2772325	3859
2772560	2774007	1447
2774338	2780677	6339
2780899	2782105	1206
2782255	2786010	3755
2786207	2879158	92951
2882814	2883400	586
2883641	2892166	8525
2915024	2916654	1630
2950174	2951618	1444
2959722	2961049	1327
2961534	2963788	2254
2975518	2976203	685
2981022	2983551	2529
2995172	2996155	983
3001716	3011860	10144
3014761	3016069	1308
3016150	3017256	1106
3024129	3026521	2392
3035196	3040469	5273
3044113	3046812	2699
3047087	3050159	3072
3050323	3051765	1442
3052514	3054906	2392
3055079	3055842	763
3055908	3070839	14931
3071133	3090406	19273
3090801	3090923	122
3095737	3095808	71
3095991	3096062	71
3096369	3096440	71
3096604	3096676	72
3096891	3096963	72
3097519	3097590	71
3110128	3111227	1099
3111299	3114248	2949
3121942	3122014	72
3128034	3143457	15423
3143808	3145284	1476
3145405	3148358	2953
3148646	3158408	9762
3158485	3159578	1093
3159991	3162019	2028
3165181	3169080	3899
3169375	3170913	1538
3171614	3172545	931
3172817	3178580	5763
3184404	3186549	2145
3186664	3187245	581
3188025	3189747	1722
3190622	3192491	1869
3197045	3197631	586
3197863	3199047	1184
3202238	3203162	924
3203675	3204448	773
3204600	3205449	849
3205539	3206363	824
3206949	3208985	2036
3210992	3218920	7928
3221350	3221427	77
3221771	3221847	76
3222050	3222116	66
3222263	3222329	66
3222475	3222541	66
3223341	3224650	1309
3224838	3236604	11766
3236805	3239578	2773
3243274	3244294	1020
3244906	3245340	434
3248015	3249044	1029
3251022	3251118	96
3257878	3268184	10306
3268461	3268994	533
3271036	3276255	5219
3280239	3290896	10657
3291459	3299000	7541
3299055	3299151	96
3299336	3303112	3776
3303708	3314009	10301
3314349	3314681	332
3314996	3315355	359
3315620	3315942	322
3316781	3317144	363
3318028	3319232	1204
3326265	3328626	2361
3329281	3329597	316
3333119	3334978	1859
3335579	3335788	209
3336032	3336418	386
3336860	3368133	31273
3369556	3369942	386
3370451	3374170	3719
3374282	3376649	2367
3376757	3377992	1235
3378268	3380083	1815
3394088	3394607	519
3412145	3412251	106
3428658	3460977	32319
3461317	3466303	4986
3468023	3471309	3286
3471555	3472113	558
3483832	3484653	821
3510974	3512681	1707
3522850	3523620	770
3593823	3593893	70
3612192	3615244	3052
3615382	3616682	1300
3620433	3621032	599
3653405	3654771	1366
3659068	3659724	656
3688786	3689409	623
3693752	3694227	475
3708563	3708997	434
3714027	3714717	690
3753693	3755201	1508
3790804	3791560	756
3803832	3806459	2627
3806710	3809090	2380
3809146	3810196	1050
3810312	3811114	802
3811263	3813958	2695
3814698	3815240	542
3815442	3815758	316
3815839	3816354	515
3825449	3828525	3076
3846206	3861692	15486
3863704	3864424	720
3884481	3884801	320
3891646	3891963	317
3893056	3893330	274
3894999	3896603	1604
3897444	3899156	1712
3899259	3903184	3925
3903492	3905035	1543
3905344	3907813	2469
3907852	3909931	2079
3934718	3935992	1274
3936060	3937992	1932
3938624	3940125	1501
3941008	3942465	1457
3942710	3947278	4568
3947891	3948687	796
3948699	3949305	606
3951193	3952550	1357
3954251	3964771	10520
3972899	3973784	885
3983896	3994003	10107
4003474	4006626	3152
4018878	4021279	2401
4022974	4026011	3037
4026769	4028600	1831
4028605	4032032	3427
4034030	4034750	720
4037523	4040482	2959
4040529	4042597	2068
4046988	4047735	747
4059770	4061923	2153
4069369	4070281	912
4072032	4073954	1922
4087581	4092706	5125
4094343	4103256	8913
4103564	4107116	3552
4107143	4107470	327
4108186	4114157	5971
4114289	4122388	8099
4122907	4134550	11643
4134860	4136038	1178
4136359	4138996	2637
4139076	4141398	2322
4141467	4142070	603
4142364	4145966	3602
4148696	4152473	3777
4153618	4160932	7314
4161666	4167464	5798
4168239	4168846	607
4170404	4173789	3385
4174859	4178270	3411
4182645	4184663	2018
4186018	4186865	847
4188499	4193788	5289
4200825	4204339	3514
4207838	4209178	1340
4210880	4211540	660
4211964	4212915	951
4215379	4216414	1035
4221704	4222734	1030
4224006	4236147	12141
4240173	4242603	2430
4242734	4246233	3499
4246343	4254306	7963
4255991	4259152	3161
4261297	4262470	1173
4262705	4263464	759
4266789	4267503	714
4281504	4282817	1313
4282956	4283478	522
4283851	4286865	3014
4287038	4288349	1311
4291208	4292246	1038
4292482	4293432	950
4294004	4307718	13714
4313483	4318608	5125
4321105	4322259	1154
4345801	4347801	2000
4364550	4365243	693
4366494	4367458	964
4377368	4377999	631
4380864	4381629	765
4384442	4403181	18739
4405127	4406059	932
4406943	4420648	13705
4421662	4426621	4959
4429349	4435993	6644
4436721	4438311	1590
4445996	4446395	399
4446573	4448072	1499
4457177	4458163	986
4459193	4460317	1124
4460622	4461504	882
4462974	4463823	849
4465105	4466630	1525
4470001	4471012	1011
4471749	4472438	689
4473068	4475095	2027
4480283	4481487	1204
4482809	4484370	1561
4485159	4490963	5804
4494312	4494799	487
4496883	4497777	894
4498856	4500500	1644
4501652	4508433	6781
4510698	4532145	21447
4533170	4539270	6100
4539302	4541244	1942
4542051	4553457	11406
4554537	4555236	699
4556087	4592295	36208
4621219	4622985	1766
4626734	4629467	2733
4634436	4634789	353
4648276	4650305	2029
4665927	4667389	1462
4677832	4678233	401
4687587	4688774	1187
4688929	4690070	1141
4694205	4694845	640
4697601	4698058	457
4703378	4703979	601
4709209	4709890	681
4745911	4746632	721
4752393	4753738	1345
4755605	4756142	537
4757883	4758708	825
4799989	4800330	341
4801909	4802894	985
4803077	4805274	2197
4807368	4825687	18319
4825853	4829038	3185
4829092	4833591	4499
4837791	4840108	2317
4849438	4852461	3023
4859810	4860470	660
4861269	4895749	34480
4896864	4898470	1606
4898900	4900869	1969
4910368	4920198	9830
4929295	4931138	1843
4980003	4980769	766
4980832	4981599	767
4993950	4996877	2927
5011444	5012133	689
5050838	5051438	600
5098376	5099795	1419
5122774	5123340	566
5124645	5125227	582
5125896	5126320	424
5128848	5129392	544
5131752	5132495	743
5133540	5134746	1206
5137182	5139163	1981
5142949	5145476	2527
5145778	5147877	2099
5227583	5229731	2148
5309313	5309551	238
5327946	5328203	257
5335184	5335265	81
5336719	5349023	12304
5349443	5349515	72
5349762	5349834	72
5349964	5352492	2528
5353311	5355898	2587
5355984	5359325	3341
5360441	5361108	667
5362465	5363412	947
5364347	5364736	389
5370914	5371507	593
5371886	5375921	4035
5417209	5435499	18290
5472890	5476763	3873
5486515	5487840	1325
5490623	5492058	1435
5492694	5493188	494
5494202	5494569	367
5496628	5503960	7332
5505521	5522441	16920
5527068	5528859	1791
5531511	5544259	12748
5552570	5554698	2128
5554801	5556791	1990
5556874	5558203	1329
5558331	5559865	1534
5560985	5561061	76
5583183	5585671	2488
5585841	5588372	2531
5588642	5590522	1880
5591657	5592792	1135
5594196	5597079	2883
5600262	5601400	1138
5624083	5645194	21111
5647781	5650484	2703
5652800	5655347	2547
5706431	5707129	698
5713390	5713521	131
5743129	5745289	2160
5746073	5754986	8913
5755960	5756100	140
5756445	5756522	77
5757046	5757184	138
5757213	5757349	136
5757358	5757494	136
5757961	5758146	185
5760117	5761894	1777
5762102	5769371	7269
5769424	5770433	1009
5770576	5772691	2115
5773202	5773963	761
5776315	5779818	3503
5782931	5787292	4361
5787505	5789643	2138
5796133	5798849	2716
5805235	5806193	958
5806438	5838764	32326
5866411	5868566	2155
5875404	5877190	1786
5888791	5890535	1744
5890738	5892495	1757
5893935	5895556	1621
5895987	5897152	1165
5897311	5899799	2488
5900481	5910640	10159
5911489	5912656	1167
5915155	5916667	1512
5916962	5923220	6258
5923362	5925873	2511
5926136	5943758	17622
5960645	5969107	8462
5976770	5976970	200
5977220	5977440	220
6002546	6004121	1575
6026299	6027711	1412
6028316	6029275	959
6029590	6030015	425
6030211	6031288	1077
6032255	6033235	980
6043857	6044790	933
6045421	6046315	894
6046593	6047543	950
6048236	6050102	1866
6052141	6052548	407
6054472	6056010	1538
6059396	6064645	5249
6066590	6068345	1755
6068636	6069358	722
6069822	6075591	5769
6086304	6087847	1543
6088087	6089617	1530
6090717	6117013	26296
6117034	6121907	4873
6123486	6124089	603
6124342	6125209	867
6126090	6126693	603
6127797	6128374	577
6129315	6129891	576
6130683	6131218	535
6132323	6133074	751
6135003	6135513	510
6136495	6137201	706
6137919	6138493	574
6139774	6140189	415
6140631	6141087	456
6141453	6141715	262
6142648	6143060	412
6143158	6143957	799
6144404	6144903	499
6145150	6145845	695
6147814	6148303	489
6149692	6150477	785
6151175	6151730	555
6153914	6154689	775
6155795	6156202	407
6156227	6157782	1555
6158016	6166980	8964
6171777	6174929	3152
6175276	6178020	2744
6178930	6182223	3293
6182845	6185149	2304
6185224	6186279	1055
6186580	6193485	6905
6193573	6196876	3303
6196931	6211122	14191
6213678	6214052	374
6224905	6225461	556
6225569	6226481	912
6226591	6227156	565
6227423	6233168	5745
6233600	6238846	5246
6239033	6249765	10732
6250523	6251860	1337
6252205	6255794	3589
6256108	6256499	391
6268887	6270135	1248
6295847	6296461	614
6297860	6298603	743
6298771	6299264	493
6313711	6315198	1487
6318712	6320149	1437
6320708	6322169	1461
6343376	6343929	553
6363073	6363691	618
6393690	6479064	85374
6479267	6481524	2257
6481781	6484310	2529
6484330	6488397	4067
6523829	6525529	1700
6556297	6582579	26282
6587038	6596466	9428
6597466	6599132	1666
6601870	6602338	468
6602425	6612213	9788
6617132	6628159	11027
6633991	6634614	623
6635350	6635942	592
6657324	6658741	1417
6659103	6659711	608
6659738	6660916	1178
6682427	6696621	14194
6697960	6702100	4140
6706456	6712625	6169
6718002	6718379	377
6721301	6721801	500
6721900	6736264	14364
6737526	6745852	8326
6747117	6749597	2480
6749729	6756346	6617
6779760	6780205	445
6783258	6788041	4783
6858549	6859539	990
6876421	6876701	280
6905099	6907976	2877
6924123	6925050	927
6926026	6927924	1898
6928708	6929003	295
6929667	6930505	838
6932149	6932802	653
6935956	6942413	6457
6942591	6949004	6413
6950046	6951208	1162
6952654	6957858	5204
6958360	6960997	2637
6961135	6962148	1013
6964679	6965567	888
6969422	6972322	2900
6976573	6977686	1113
6983722	6987547	3825
7018901	7019894	993
7061311	7062297	986
7066576	7068347	1771
7079103	7079708	605
7080813	7081887	1074
7086304	7086941	637
7116313	7118633	2320
7121013	7121364	351
7122003	7122773	770
7123974	7124605	631
7124963	7126563	1600
7136091	7150173	14082
7151199	7151974	775
7152299	7183031	30732
7215817	7216998	1181
7227612	7229065	1453
7229900	7231222	1322
7233303	7234451	1148
7236180	7237033	853
7237488	7238483	995
7238581	7242440	3859
7242629	7243627	998
7243818	7257020	13202
7259292	7305996	46704
7314199	7316511	2312
7316719	7319355	2636
7319373	7321942	2569
7322232	7326571	4339
7326644	7328326	1682
7334984	7338283	3299
7338798	7340223	1425
7340410	7341134	724
7346678	7349813	3135
7350375	7353363	2988
7353661	7357466	3805
7357684	7362360	4676
7362943	7366811	3868
7367150	7374574	7424
7374714	7378737	4023
7378748	7381014	2266
7383842	7389113	5271
7389455	7391308	1853
7391385	7393012	1627
7393170	7394771	1601
7395432	7397281	1849
7399423	7399719	296
7401593	7402807	1214
7426749	7428290	1541
7429908	7430566	658
7431521	7432505	984
7432799	7433833	1034
7443953	7445259	1306
7449249	7451708	2459
7458609	7461908	3299
7462602	7463402	800
7464659	7465614	955
7468670	7469347	677
7479067	7481018	1951
7484964	7486584	1620
7486657	7489279	2622
7490311	7491931	1620
7498640	7499317	677
7504086	7510416	6330
7512097	7521113	9016
7532160	7532936	776
7533369	7534268	899
7534682	7535557	875
7548880	7553137	4257
7555710	7562599	6889
7576554	7580348	3794
7581708	7584098	2390
7586191	7632673	46482
7632817	7632894	77
7632911	7633546	635
7633898	7634748	850
7644966	7647852	2886
7651509	7688754	37245
7712450	7714572	2122
7714905	7719573	4668
7720904	7725291	4387
7726350	7736141	9791
7740444	7743652	3208
7747509	7748268	759
7753553	7756266	2713
7760369	7761452	1083
7770205	7802925	32720
7804558	7860469	55911
7862142	7887914	25772
7887980	7889109	1129
7889209	7905054	15845
7906764	7908220	1456
7908537	7908946	409
7909750	7929220	19470
7929473	7930358	885
7938813	7939422	609
7941286	7944663	3377
7965549	7968091	2542
7968538	7969254	716
7970905	7971750	845
8021646	8021718	72
8047433	8051813	4380
8053314	8053396	82
8053551	8053633	82
8053774	8053856	82
8058743	8058825	82
8059094	8059176	82
8061308	8061390	82
8061513	8062367	854
8062553	8063060	507
8075024	8076300	1276
8080735	8084886	4151
8102232	8103143	911
8104207	8104277	70
8106507	8109002	2495
8109279	8114679	5400
8116712	8117631	919
8117684	8118232	548
8124529	8130598	6069
8134968	8144913	9945
8147781	8152000	4219
8152461	8152874	413
8153415	8158618	5203
8163740	8169078	5338
8169235	8171529	2294
8171775	8173614	1839
8176461	8179771	3310
8179957	8184218	4261
8184622	8186216	1594
8188947	8191087	2140
8191307	8192591	1284
8194178	8195517	1339
8195892	8196445	553
8202677	8203843	1166
8204990	8206722	1732
8208380	8209298	918
8211332	8212083	751
8215241	8216053	812
8222324	8223668	1344
8224061	8224797	736
8231747	8275498	43751
8275628	8282970	7342
8283386	8288427	5041
8291601	8292939	1338
8293164	8295441	2277
8295464	8297159	1695
8297257	8298425	1168
8298436	8300080	1644
8300245	8302041	1796
8303593	8308602	5009
8311642	8312066	424
8313863	8315380	1517
8318959	8321407	2448
8321683	8323337	1654
8329772	8331695	1923
8332151	8333376	1225
8333885	8335976	2091
8337521	8339482	1961
8339661	8345379	5718
8347284	8347341	57
8349504	8354006	4502
8365505	8384271	18766
8384640	8385477	837
8385920	8386749	829
8395268	8398377	3109
8406112	8407203	1091
8408957	8415305	6348
8418054	8425346	7292
8425422	8435481	10059
8436142	8442477	6335
8443022	8465769	22747
8465907	8500246	34339
8500569	8502863	2294
8506974	8508021	1047
8511985	8513395	1410
8514529	8516601	2072
8516842	8517966	1124
8518344	8527603	9259
8528077	8531113	3036
8562435	8562964	529
8564899	8564998	99
8567507	8569178	1671
8592542	8593979	1437
8594573	8594652	79
8595048	8595131	83
8595511	8597249	1738
8597757	8610174	12417
8610335	8612574	2239
8615139	8617001	1862
8624609	8627169	2560
8633539	8636684	3145
8638016	8639922	1906
8640361	8642036	1675
8668859	8672353	3494
8685803	8686291	488
8712049	8713325	1276
8713380	8714372	992
8718620	8718874	254
8719891	8720713	822
8721581	8722166	585
8722965	8723704	739
8725044	8725699	655
8725958	8738410	12452
8742239	8742826	587
8744334	8744769	435
8749089	8750267	1178
8781244	8781645	401
8791830	8793632	1802
8794640	8795264	624
8795563	8796699	1136
8796702	8797282	580
8798911	8800313	1402
8800701	8801507	806
8801644	8802407	763
8803495	8804365	870
8829562	8831943	2381
8881245	8881733	488
8884696	8887410	2714
8896449	8896522	73
8908333	8908768	435
8930200	8947563	17363
8948121	8949651	1530
8949891	8950684	793
8951957	8954021	2064
8954374	8957869	3495
8958012	8959474	1462
8959929	8961271	1342
8961628	8964852	3224
8965156	8967865	2709
8970495	8972980	2485
8975312	8979191	3879
8982169	8983328	1159
8983417	8991089	7672
8991284	8995666	4382
8998296	9000349	2053
9001724	9002938	1214
9005786	9012346	6560
9034475	9038142	3667
9040539	9041824	1285
9041881	9059127	17246
9060295	9065831	5536
9066205	9067567	1362
9067743	9085231	17488
9086153	9087956	1803
9089977	9090594	617
9090729	9127505	36776
9128809	9130281	1472
9137693	9137797	104
9138938	9175249	36311
9196165	9201953	5788
9204980	9208356	3376
9215124	9215533	409
9228250	9229748	1498
9243325	9244438	1113
9245078	9281622	36544
9327432	9331436	4004
9331910	9341436	9526
9347133	9348557	1424
9352099	9353096	997
9353416	9355142	1726
9357450	9358340	890
9363295	9364338	1043
9364611	9365597	986
9366031	9368064	2033
9368530	9369393	863
9369518	9370527	1009
9371260	9374219	2959
9374982	9375865	883
9379212	9379563	351
9379927	9392327	12400
9392718	9395560	2842
9397897	9399274	1377
9399279	9403932	4653
9408855	9410488	1633
9416353	9417881	1528
9420110	9421771	1661
9422474	9422618	144
9426786	9428499	1713
9433156	9435367	2211
9436332	9439488	3156
9443645	9444672	1027
9444976	9445890	914
9445903	9449381	3478
9449442	9450769	1327
9452469	9453899	1430
9454150	9468575	14425
9468593	9470065	1472
9479548	9480890	1342
9481150	9482333	1183
9482602	9485315	2713
9487655	9498428	10773
9499918	9502683	2765
9503820	9503907	87
9505108	9505760	652
9505897	9506509	612
9506745	9507059	314
9507219	9518644	11425
9522167	9524486	2319
9535345	9537099	1754
9540320	9589813	49493
9590954	9591295	341
9592088	9593441	1353
9593590	9594425	835
9594623	9595648	1025
9596701	9607009	10308
9608014	9617080	9066
9621776	9624895	3119
9631212	9632121	909
9632371	9633240	869
9634113	9635013	900
9637209	9652533	15324
9672301	9674160	1859
9674368	9676470	2102
9678271	9679350	1079
9688143	9688750	607
9691436	9693581	2145
9693617	9696695	3078
9697431	9703429	5998
9703522	9706927	3405
9709903	9709975	72
9710886	9712244	1358
9713514	9716294	2780
9716523	9719806	3283
9719995	9722750	2755
9723099	9724324	1225
9726759	9726880	121
9734503	9737503	3000
9754000	9754454	454
9756644	9779566	22922
9781033	9790787	9754
9791534	9791998	464
9792798	9793540	742
9794398	9795220	822
9796499	9797363	864
9816449	9816997	548
9827467	9829905	2438
9830180	9831770	1590
9832193	9848385	16192
9850483	9852989	2506
9853317	9857449	4132
9857739	9863774	6035
9868831	9869506	675
9877511	9881783	4272
9886288	9887843	1555
9887907	9891675	3768
9891803	9896131	4328
9959703	9961417	1714
9961579	9964102	2523
9964251	9965154	903
9965412	9967123	1711
10022508	10023238	730
10079847	10082500	2653
10083270	10085446	2176
10085868	10087838	1970
10088854	10091215	2361
10092457	10093981	1524
10144712	10144826	114
10144927	10146084	1157
10158909	10160123	1214
10183376	10194937	11561
10198720	10199501	781
10208765	10210080	1315
10211604	10213264	1660
10213583	10218340	4757
10229709	10230036	327
10233193	10233611	418
10235899	10236342	443
10236420	10237806	1386
10239890	10240871	981
10240905	10241688	783
10257009	10260211	3202
10262582	10263453	871
10266304	10267724	1420
10312885	10312983	98
10319756	10320579	823
10358328	10358425	97
10379550	10380897	1347
10403972	10404340	368
10405007	10405477	470
10405918	10407874	1956
10422789	10425083	2294
10425484	10427205	1721
10452181	10456201	4020
10456916	10457735	819
10458287	10462074	3787
10483961	10486034	2073
10550123	10552182	2059
10616166	10616676	510
10617828	10618699	871
10619599	10620539	940
10620780	10621584	804
10623134	10624035	901
10624179	10627069	2890
10627675	10631230	3555
10631246	10632778	1532
10632840	10633236	396
10634989	10636109	1120
10636628	10637715	1087
10654575	10656257	1682
10656476	10657535	1059
10657839	10683834	25995
10685630	10686267	637
10686284	10687208	924
10687460	10689977	2517
10765025	10766499	1474
10777690	10778460	770
10782434	10782976	542
10788089	10788275	186
10794290	10795450	1160
10797097	10799034	1937
10807919	10809184	1265
10809681	10810282	601
10818244	10818701	457
10843170	10843790	620
10869415	10872137	2722
10872185	10873288	1103
10873799	10875486	1687
10875990	10876673	683
10877361	10879571	2210
10883090	10883800	710
10884814	10885616	802
10887273	10887793	520
10887876	10892223	4347
10937556	10938200	644
10952331	10953105	774
10954600	10955241	641
10965748	10966576	828
10971111	10971402	291
10994509	10994589	80
11016635	11017946	1311
11018661	11020432	1771
11020679	11022544	1865
11027902	11029005	1103
11043508	11044008	500
11052537	11054324	1787
11055231	11055714	483
11055826	11058041	2215
11058091	11062125	4034
11062143	11062964	821
11066392	11067488	1096
11067869	11071836	3967
11071852	11086293	14441
11086471	11089345	2874
11090546	11091286	740
11091512	11093678	2166
11093775	11094798	1023
11094975	11096130	1155
11096521	11096973	452
11100108	11100682	574
11101335	11101832	497
11101920	11102605	685
11102790	11105217	2427
11105381	11106840	1459
11107269	11113883	6614
11115066	11116316	1250
11123935	11124502	567
11124983	11125422	439
11128087	11128580	493
11142678	11143885	1207
11156949	11157901	952
11159720	11162725	3005
11162917	11165511	2594
11166614	11169992	3378
11170054	11190636	20582
11192720	11193687	967
11194451	11195258	807
11199522	11203683	4161
11203886	11207197	3311
11207605	11223845	16240
11224407	11224688	281
11226072	11229318	3246
11230402	11230720	318
11240053	11240323	270
11240504	11241197	693
11243550	11243968	418
11245407	11249272	3865
11267060	11267662	602
11277831	11278280	449
11281036	11289019	7983
11304847	11306497	1650
11308399	11309497	1098
11312742	11314819	2077
11316621	11316943	322
11317426	11318100	674
11335182	11335524	342
11342495	11342843	348
11357783	11358997	1214
11375908	11377358	1450
11387790	11388773	983
11390642	11390965	323
11398635	11399194	559
11418258	11419495	1237
11427795	11428576	781
11428750	11429306	556
11437572	11438204	632
11438261	11439679	1418
11450176	11451570	1394
11451590	11452725	1135
11456670	11458964	2294
11466391	11467072	681
11468058	11468652	594
11480650	11492155	11505
11501737	11502003	266
11502067	11502494	427
11502961	11503347	386
11503423	11503689	266
11505321	11506502	1181
11511898	11513924	2026
11514113	11515813	1700
11545639	11545793	154
11555096	11557412	2316
11557583	11565896	8313
11565897	11567763	1866
11570106	11570595	489
11571336	11571723	387
11572843	11573050	207
11573929	11574119	190
11574515	11575297	782
11575501	11577164	1663
11577222	11580870	3648
11582795	11583079	284
11583972	11584331	359
11585551	11585883	332
11586547	11586809	262
11592736	11593047	311
11598536	11602565	4029
11603235	11603486	251
11603678	11613201	9523
11613635	11617481	3846
11617628	11619225	1597
11619541	11620815	1274
11622605	11622680	75
11625805	11626403	598
11636006	11639133	3127
11639334	11641574	2240
11641856	11643599	1743
11650018	11650117	99
11675138	11676905	1767
11682731	11684499	1768
11684671	11685857	1186
11686235	11686761	526
11686979	11690063	3084
11690226	11692363	2137
11692596	11701653	9057
11703607	11704486	879
11705329	11708385	3056
11714034	11721218	7184
11721445	11725148	3703
11744405	11745574	1169
11760399	11765257	4858
11766112	11766201	89
11766831	11766978	147
11767160	11767601	441
11770173	11773585	3412
11783312	11786383	3071
11786614	11788518	1904
11788714	11791975	3261
11792048	11793961	1913
11794571	11794642	71
11795051	11807855	12804
11813438	11815375	1937
11816084	11816224	140
11817307	11818832	1525
11822130	11823944	1814
11827821	11829821	2000
11840483	11840903	420
11863557	11864405	848
11872215	11874282	2067
11874484	11876646	2162
11880359	11882081	1722
11891705	11893531	1826
11914613	11915699	1086
11915710	11917857	2147
11920793	11929019	8226
11935012	11936585	1573
11936740	11937952	1212
11939193	11939291	98
11940775	11942348	1573
11942939	11945325	2386
11945401	11946417	1016
11949808	11950865	1057
11951972	11959231	7259
11960443	11966079	5636
11966185	11966890	705
11968005	11968910	905
11969211	11976864	7653
11978006	11983605	5599
11984953	11986279	1326
11986374	11991238	4864
11991498	11996015	4517
11996255	12001151	4896
12020901	12021253	352
12025657	12026099	442
12035487	12037317	1830
12037679	12038456	777
12060611	12074930	14319
12081726	12082325	599
12109201	12111155	1954
12111357	12112889	1532
12113119	12114285	1166
12114374	12118250	3876
12118587	12120494	1907
12121079	12121561	482
12122493	12124969	2476
12126871	12129806	2935
12130596	12131684	1088
12131968	12136480	4512
12136546	12139197	2651
12142373	12143429	1056
12150152	12156835	6683
12157305	12168582	11277
12170701	12176447	5746
12178084	12180960	2876
12181918	12183805	1887
12185132	12186788	1656
12188887	12189149	262
12190891	12192130	1239
12193422	12197182	3760
12197223	12199122	1899
12238610	12239148	538
12262552	12264445	1893
12264756	12270351	5595
12270755	12274576	3821
12282404	12283261	857
12284056	12289223	5167
12294080	12295042	962
12295262	12295651	389
12303905	12305061	1156
12322332	12329001	6669
12329776	12330336	560
12330452	12330799	347
12332216	12344644	12428
12361746	12384544	22798
12389271	12390057	786
12392639	12395035	2396
12395395	12407942	12547
12408126	12410680	2554
12415610	12425768	10158
12455637	12461121	5484
12462172	12462884	712
12475709	12479546	3837
12483394	12484296	902
12484940	12486705	1765
12491587	12493407	1820
12495567	12496994	1427
12498474	12500940	2466
12507705	12508109	404
12508159	12514054	5895
12518193	12519831	1638
12520315	12523271	2956
12523536	12526824	3288
12527096	12527503	407
12528526	12530415	1889
12534810	12536053	1243
12573772	12589118	15346
12602731	12614898	12167
12621034	12641380	20346
12642007	12646190	4183
12652003	12653195	1192
12654926	12655347	421
12686739	12703349	16610
12726464	12727711	1247
12728045	12734668	6623
12734818	12738254	3436
12739716	12743156	3440
12746339	12747874	1535
12761532	12766673	5141
12767051	12771816	4765
12771850	12774197	2347
12774425	12777477	3052
12783292	12789184	5892
12801821	12803196	1375
12806128	12807119	991
12807354	12817750	10396
12817980	12836206	18226
12837354	12843217	5863
12843265	12846269	3004
12850382	12854405	4023
12854817	12856020	1203
12878139	12882344	4205
12882452	12882738	286
12882870	12885262	2392
12885758	12887858	2100
12894347	12895837	1490
12896025	12896811	786
12905127	12906746	1619
12945786	12947747	1961
12957460	12960833	3373
12964314	12965459	1145
12965574	12966750	1176
12988235	12990518	2283
12999917	13000981	1064
13002499	13004785	2286
13005076	13008432	3356
13009150	13010003	853
13010249	13010967	718
13011415	13012210	795
13012815	13015788	2973
13016680	13016752	72
13017326	13017398	72
13017863	13019537	1674
13025496	13026170	674
13029921	13034076	4155
13035867	13036006	139
13036044	13036183	139
13036471	13036610	139
13037534	13039994	2460
13040077	13042019	1942
13053622	13054494	872
13054979	13055787	808
13056146	13057029	883
13074399	13075752	1353
13079487	13080389	902
13081681	13083069	1388
13094599	13095050	451
13107371	13111177	3806
13129369	13130166	797
13167578	13169881	2303
13201643	13202058	415
13204314	13204385	71
13204651	13204722	71
13205465	13205536	71
13207209	13207333	124
13208367	13208799	432
13209203	13210627	1424
13211303	13211964	661
13239964	13241802	1838
13242647	13242718	71
13272876	13272928	52
13275493	13276510	1017
13276763	13277596	833
13278365	13278935	570
13279488	13280286	798
13283694	13284870	1176
13289630	13289960	330
13290104	13290670	566
13290749	13291044	295
13291311	13291819	508
13291897	13292123	226
13292941	13293252	311
13294735	13295022	287
13295841	13296251	410
13296471	13297046	575
13317374	13318059	685
13322235	13322799	564
13336650	13337350	700
13342265	13348040	5775
13349476	13350323	847
13371683	13372290	607
13373459	13374446	987
13375865	13377099	1234
13377889	13379025	1136
13379046	13381007	1961
13381399	13383106	1707
13389328	13394225	4897
13404222	13405553	1331
13405943	13409553	3610
13409676	13415436	5760
13416420	13417268	848
13417671	13418771	1100
13418991	13419773	782
13426148	13426220	72
13426746	13426818	72
13428780	13430236	1456
13431054	13432109	1055
13432417	13433570	1153
13434010	13435520	1510
13442287	13443383	1096
13449308	13450338	1030
13458652	13467887	9235
13470641	13476615	5974
13476633	13479380	2747
13479897	13495592	15695
13495807	13504641	8834
13504746	13506212	1466
13509373	13512705	3332
13550855	13551201	346
13592330	13592983	653
13613922	13614020	98
13830856	13831180	324
13833297	13835340	2043
13835477	13836117	640
13836756	13838416	1660
13839154	13853101	13947
13853127	13860005	6878
13872094	13876156	4062
13899997	13918435	18438
13918982	13922100	3118
13922487	13927756	5269
13932350	13955747	23397
13955758	13957802	2044
13958303	13966167	7864
13966223	13966577	354
13967161	13970861	3700
13979720	13980284	564
13980978	13981726	748
13987331	13989671	2340
13991000	13992351	1351
13992480	13994980	2500
13995227	14013248	18021
14013415	14022221	8806
14027876	14029851	1975
14030119	14036786	6667
14036794	14042992	6198
14045528	14046179	651
14046796	14064683	17887
14068872	14076329	7457
14076715	14079064	2349
14087689	14091153	3464
14096581	14101218	4637
14105505	14124424	18919
14168710	14171720	3010
14179349	14182748	3399
14196423	14197394	971
14211304	14212074	770
14226569	14227709	1140
14228153	14229041	888
14229735	14231372	1637
14231707	14232540	833
14238105	14238791	686
14239093	14240111	1018
14315652	14319351	3699
14322446	14322985	539
14362025	14362807	782
14375013	14376399	1386
14393869	14395825	1956
14396030	14403039	7009
14403726	14405832	2106
14510925	14511575	650
14512860	14514790	1930
14529734	14530372	638
14530751	14533541	2790
14534037	14544075	10038
14553239	14553864	625
14560540	14561233	693
14576322	14592640	16318
14607558	14615305	7747
14621260	14625177	3917
14625701	14664709	39008
14665035	14665537	502
14667042	14667113	71
14667444	14667515	71
14667638	14671247	3609
14677868	14678942	1074
14684447	14685062	615
14689651	14690205	554
14690413	14694778	4365
14698564	14699257	693
14721860	14722443	583
14725689	14726617	928
14741029	14751062	10033
14753620	14754944	1324
14760803	14762383	1580
14762441	14769229	6788
14769596	14779512	9916
14779891	14782765	2874
14783035	14794189	11154
14794428	14795268	840
14795480	14796460	980
14798236	14875324	77088
14878441	14879283	842
14883190	14883603	413
14886834	14887516	682
14896905	14936007	39102
14936830	14937431	601
14938599	14939225	626
14962444	14963406	962
14965767	14966298	531
14967948	14969140	1192
14969726	14970731	1005
14972720	14975532	2812
14975935	14977586	1651
14978200	14984767	6567
14985389	14990917	5528
14991081	14992766	1685
14994338	15007162	12824
15016592	15017109	517
15034731	15035670	939
15035899	15037024	1125
15042279	15042595	316
15042650	15043309	659
15043363	15043906	543
15043956	15044525	569
15045031	15045590	559
15046098	15046451	353
15046668	15047235	567
15047877	15048665	788
15054129	15054805	676
15055307	15055722	415
15070007	15071547	1540
15083923	15087819	3896
15088242	15090786	2544
15091634	15092602	968
15093154	15095140	1986
15101101	15102035	934
15106657	15109473	2816
15114672	15115401	729
15121040	15124478	3438
15127650	15127760	110
15135231	15135900	669
15136901	15137270	369
15137455	15139479	2024
15147333	15151662	4329
15154917	15155570	653
15183540	15184098	558
15200944	15201686	742
15228719	15235932	7213
15294015	15295885	1870
15297355	15304295	6940
15325346	15325977	631
15327882	15329271	1389
15329792	15337415	7623
15400932	15401367	435
15430301	15430813	512
15450591	15450978	387
15451053	15451409	356
15465297	15467210	1913
15477496	15478502	1006
15486064	15488649	2585
15489674	15491155	1481
15491302	15491921	619
15492059	15493661	1602
15496700	15497994	1294
15498288	15501352	3064
15502545	15503937	1392
15504152	15506302	2150
15509633	15510156	523
15510524	15512692	2168
15513720	15514753	1033
15514811	15517237	2426
15517425	15518353	928
15518991	15519912	921
15520010	15520616	606
15520720	15521296	576
15521365	15522343	978
15523185	15524573	1388
15528495	15546314	17819
15553826	15556165	2339
15556527	15558659	2132
15559113	15569413	10300
15569670	15571774	2104
15571869	15573637	1768
15573900	15576473	2573
15576738	15578447	1709
15578531	15581275	2744
15601807	15603486	1679
15603731	15605928	2197
15613001	15617230	4229
15641671	15642225	554
15642226	15642761	535
15643036	15643641	605
15643952	15644492	540
15644579	15645354	775
15645637	15646196	559
15647572	15649110	1538
15649755	15650490	735
15650728	15651258	530
15652036	15652541	505
15652807	15653451	644
15653649	15654115	466
15654348	15654909	561
15654967	15655379	412
15672820	15674570	1750
15674733	15676545	1812
15679452	15681002	1550
15681617	15685147	3530
15690694	15692950	2256
15709553	15710849	1296
15710919	15713173	2254
15714611	15721530	6919
15740503	15741799	1296
15801422	15801983	561
15802585	15803077	492
15803181	15809510	6329
15810079	15811721	1642
15811834	15819523	7689
15819988	15825104	5116
15826895	15828488	1593
15828793	15830582	1789
15836506	15836595	89
15869191	15869572	381
15877693	15878847	1154
15893256	15917961	24705
15918905	15947897	28992
15948196	15949565	1369
15949650	15951533	1883
15951943	15953709	1766
15953936	15960972	7036
15961304	15963002	1698
15968468	15969528	1060
15969970	15971535	1565
15971624	15973104	1480
15973200	15974988	1788
15980884	15981141	257
15981336	15985564	4228
15985769	15997836	12067
15999652	16004912	5260
16010265	16011417	1152
16013508	16014606	1098
16024289	16024391	102
16025862	16026290	428
16026878	16027270	392
16027624	16027953	329
16028585	16030327	1742
16042335	16043403	1068
16045059	16075126	30067
16075651	16076738	1087
16078321	16080625	2304
16080727	16083492	2765
16088868	16090593	1725
16090934	16093188	2254
16096532	16098727	2195
16098952	16099528	576
16099694	16105726	6032
16106312	16114751	8439
16119118	16121631	2513
16122717	16124083	1366
16124094	16124732	638
16132601	16137136	4535
16162555	16163206	651
16163829	16164480	651
16169910	16170356	446
16170445	16170735	290
16189602	16190319	717
16190968	16191952	984
16192320	16193026	706
16193443	16194026	583
16194428	16195132	704
16207028	16207476	448
16215131	16215203	72
16219226	16221837	2611
16224181	16225138	957
16225184	16225877	693
16227240	16230099	2859
16230823	16232562	1739
16242660	16245455	2795
16248952	16250291	1339
16252137	16252822	685
16254285	16254705	420
16255840	16256347	507
16256443	16257251	808
16257813	16258200	387
16258897	16261256	2359
16262492	16263011	519
16263469	16264002	533
16264382	16265018	636
16266009	16266708	699
16270535	16271280	745
16271558	16272371	813
16273504	16273960	456
16274232	16275030	798
16275909	16277021	1112
16277780	16278496	716
16280680	16281522	842
16282812	16284050	1238
16287811	16288647	836
16294553	16295127	574
16295590	16296278	688
16297382	16297762	380
16298325	16298970	645
16299700	16300305	605
16300946	16301580	634
16302040	16304418	2378
16307385	16308249	864
16311124	16311790	666
16312956	16313554	598
16313930	16314372	442
16316772	16317408	636
16319157	16319862	705
16320358	16320993	635
16321941	16322634	693
16324140	16324867	727
16325033	16325889	856
16326413	16326882	469
16332103	16338341	6238
16339423	16340720	1297
16343017	16343089	72
16346333	16347397	1064
16347846	16354990	7144
16355703	16356850	1147
16357999	16358807	808
16358994	16360440	1446
16361489	16362618	1129
16364038	16371666	7628
16372074	16374670	2596
16374872	16379057	4185
16379427	16383916	4489
16387686	16389980	2294
16395896	16404928	9032
16408392	16410277	1885
16410449	16412402	1953
16415895	16445058	29163
16463486	16476750	13264
16484938	16489336	4398
16490751	16493560	2809
16537667	16538728	1061
16549923	16551058	1135
16559850	16560400	550
16569959	16573406	3447
16573498	16574647	1149
16574737	16575867	1130
16576128	16577122	994
16579208	16580157	949
16580257	16581243	986
16583159	16584150	991
16584307	16588114	3807
16593548	16595823	2275
16601238	16602447	1209
16602500	16603518	1018
16603762	16605299	1537
16605586	16606050	464
16606318	16608572	2254
16608966	16640982	32016
16646869	16647106	237
16655657	16661034	5377
16663455	16663841	386
16664764	16666655	1891
16667064	16669364	2300
16682368	16690997	8629
16698073	16699528	1455
16705226	16717675	12449
16717961	16718475	514
16719641	16720388	747
16720399	16721089	690
16721596	16723918	2322
16726646	16732464	5818
16748589	16748820	231
16769631	16772836	3205
16773200	16775519	2319
16778342	16780041	1699
16802758	16822174	19416
16837668	16838091	423
16839327	16840100	773
16846851	16851812	4961
16852180	16853629	1449
16853722	16854938	1216
16856264	16858089	1825
16870409	16872472	2063
16917014	16920534	3520
16921481	16928636	7155
16931430	16932052	622
16932200	16936049	3849
16937523	16938978	1455
16947922	16961824	13902
16963113	16987488	24375
16991557	16991624	67
17005986	17009280	3294
17009636	17013370	3734
17013448	17015956	2508
17016223	17016841	618
17017428	17020217	2789
17025155	17025708	553
17026219	17026776	557
17029959	17035674	5715
17037501	17038138	637
17039163	17041490	2327
17042612	17048554	5942
17048713	17051633	2920
17159963	17160642	679
17231713	17235228	3515
17236536	17237846	1310
17245477	17247037	1560
17252761	17253550	789
17257516	17258086	570
17268150	17268649	499
17308106	17308205	99
17313069	17313911	842
17315941	17317593	1652
17317718	17318618	900
17320833	17322269	1436
17327106	17327599	493
17329021	17330197	1176
17330272	17332362	2090
17333009	17333080	71
17333379	17334416	1037
17335150	17337796	2646
17338047	17342766	4719
17345519	17351156	5637
17352782	17354911	2129
17359875	17360465	590
17360853	17372630	11777
17373126	17375828	2702
17376736	17382056	5320
17393447	17394448	1001
17414887	17418317	3430
17418577	17419382	805
17419386	17420230	844
17420405	17421936	1531
17422036	17426290	4254
17427572	17429531	1959
17432501	17450561	18060
17453209	17453596	387
17459045	17459868	823
17463227	17467617	4390
17467861	17469224	1363
17469322	17470203	881
17470895	17472026	1131
17473229	17479330	6101
17487980	17488400	420
17504955	17507012	2057
17507398	17517840	10442
17521800	17521940	140
17523181	17539760	16579
17539839	17542227	2388
17542926	17544080	1154
17544104	17550888	6784
17559142	17559262	120
17613223	17614725	1502
17621157	17621303	146
17624490	17625353	863
17626140	17626417	277
17626549	17631101	4552
17631203	17638136	6933
17638586	17639837	1251
17642662	17647380	4718
17647717	17648745	1028
17661688	17661830	142
17664722	17676681	11959
17712293	17712954	661
17716818	17722344	5526
17733640	17735640	2000
17738273	17739960	1687
17741933	17743688	1755
17751212	17752653	1441
17752797	17756004	3207
17777888	17778384	496
17784179	17784586	407
17785188	17790694	5506
17790838	17795379	4541
17795590	17797815	2225
17798016	17799465	1449
17799551	17802246	2695
17802331	17807219	4888
17808670	17811021	2351
17811173	17813293	2120
17813593	17815934	2341
17826377	17826725	348
17827845	17828274	429
17832891	17834527	1636
17834771	17835699	928
17836825	17839601	2776
17840016	17842701	2685
17842827	17845553	2726
17845724	17849894	4170
17851574	17853582	2008
17861840	17863673	1833
17867815	17869673	1858
17876749	17877476	727
17878354	17878628	274
17879048	17879745	697
17880805	17884504	3699
17884920	17888962	4042
17891989	17900912	8923
17902583	17905665	3082
17927132	17939214	12082
17940292	17940800	508
17996078	17996178	100
18033417	18034838	1421
18035833	18037314	1481
18061828	18063250	1422
18063400	18065223	1823
18065462	18066963	1501
18067604	18068184	580
18070681	18071203	522
18079774	18080420	646
18081517	18099249	17732
18099679	18100599	920
18100948	18102674	1726
18102914	18105947	3033
18106059	18112250	6191
18114032	18115089	1057
18122040	18125789	3749
18128886	18129331	445
18132502	18138518	6016
18142023	18146907	4884
18147997	18155622	7625
18160845	18178741	17896
18189272	18190032	760
18194594	18196737	2143
18245188	18245946	758
18285225	18287362	2137
18287704	18288900	1196
18291842	18294360	2518
18295819	18297517	1698
18390635	18391535	900
18431661	18433042	1381
18433830	18434971	1141
18449499	18449900	401
18450301	18450650	349
18452564	18454124	1560
18455057	18456263	1206
18462478	18462718	240
18465243	18465484	241
18468398	18468779	381
18471922	18472323	401
18478237	18495657	17420
18520076	18520545	469
18553358	18569426	16068
18576537	18577335	798
18581859	18583265	1406
18585403	18586871	1468
18589422	18589892	470
18591095	18591529	434
18596525	18598515	1990
18598572	18600449	1877
18600562	18602612	2050
18602720	18604962	2242
18605000	18607104	2104
18611490	18611561	71
18615792	18617851	2059
18619059	18660277	41218
18660461	18661235	774
18661253	18666424	5171
18666574	18668513	1939
18668900	18670976	2076
18673509	18673879	370
18674137	18674936	799
18675284	18675960	676
18675995	18677161	1166
18677359	18679419	2060
18686452	18687052	600
18687287	18688748	1461
18689502	18691512	2010
18701033	18701792	759
18714993	18716372	1379
18716907	18717412	505
18737588	18738799	1211
18739711	18741467	1756
18741787	18743583	1796
18743707	18794409	50702
18795365	18813775	18410
18814271	18815453	1182
18815704	18821288	5584
18834679	18835886	1207
18847417	18847722	305
18849989	18850795	806
18854071	18854154	83
18856747	18858614	1867
18859325	18860531	1206
18860871	18862319	1448
18863324	18863997	673
18865847	18871345	5498
18871350	18883583	12233
18889289	18889556	267
18891975	18893017	1042
18893695	18894654	959
18894694	18896052	1358
18896157	18898030	1873
18901360	18904282	2922
18912324	18913419	1095
18913530	18915208	1678
18918190	18919208	1018
18943729	18948506	4777
18972468	18972690	222
18978061	18978734	673
18979005	18981423	2418
18981836	18982915	1079
18990975	18993708	2733
18994085	18996352	2267
18996841	19038549	41708
19043857	19045126	1269
19045402	19045890	488
19046002	19046489	487
19052500	19055916	3416
19056265	19059251	2986
19059255	19079526	20271
19083683	19084075	392
19085770	19087860	2090
19087990	19089317	1327
19089499	19090809	1310
19091099	19092164	1065
19092223	19093463	1240
19121550	19122765	1215
19222161	19223202	1041
19229460	19230157	697
19232964	19233239	275
19246390	19248161	1771
19248440	19250211	1771
19253140	19253995	855
19259573	19262013	2440
19262872	19263742	870
19268891	19273019	4128
19273220	19273900	680
19274464	19285866	11402
19291723	19330709	38986
19380680	19383133	2453
19398639	19399113	474
19416858	19417246	388
19417802	19418026	224
19433027	19434295	1268
19434819	19439544	4725
19440273	19443338	3065
19447860	19448772	912
19457149	19457859	710
19459667	19460179	512
19460446	19461260	814
19464756	19465328	572
19465591	19466245	654
19468117	19468678	561
19468960	19469523	563
19471384	19471770	386
19476926	19479598	2672
19480660	19481448	788
19485153	19490823	5670
19491297	19493898	2601
19494110	19496970	2860
19498086	19498395	309
19510652	19511432	780
19512749	19513519	770
19514045	19520372	6327
19525843	19531389	5546
19536200	19536722	522
19538210	19540393	2183
19545520	19547867	2347
19548633	19550302	1669
19553920	19554290	370
19558231	19558308	77
19559951	19577668	17717
19578193	19579103	910
19582172	19583624	1452
19583873	19591855	7982
19592188	19594482	2294
19594733	19597220	2487
19597498	19599190	1692
19600957	19605299	4342
19606527	19611621	5094
19611994	19613498	1504
19613602	19617409	3807
19617506	19628883	11377
19630307	19635916	5609
19640380	19642951	2571
19643606	19657204	13598
19672021	19673221	1200
19677041	19680453	3412
19680737	19683092	2355
19683133	19688360	5227
19694077	19701115	7038
19707518	19711428	3910
19722094	19723502	1408
19738934	19742844	3910
19753509	19754917	1408
19791061	19791159	98
19792378	19796527	4149
19796838	19798180	1342
19798341	19799136	795
19799911	19800299	388
19800332	19803498	3166
19803503	19806439	2936
19806870	19809038	2168
19809185	19811067	1882
19811274	19823786	12512
19823964	19827404	3440
19827770	19829513	1743
19829714	19838044	8330
19838393	19854025	15632
19854558	19854969	411
19860588	19864178	3590
19864239	19874883	10644
19888316	19889491	1175
19902465	19903303	838
19905505	19906815	1310
19908151	19911260	3109
19911342	19916562	5220
19916771	19917788	1017
19918043	19920275	2232
19920294	19921608	1314
19921843	19926030	4187
19926820	19927301	481
19943123	19944235	1112
19945054	19945890	836
19946071	19946812	741
19946894	19947626	732
19947647	19948899	1252
19971813	19972912	1099
19974785	19977291	2506
19977526	19978968	1442
19981127	19982047	920
19982806	19983839	1033
19984987	19989369	4382
19993744	19995546	1802
19995836	19997934	2098
19998401	20017707	19306
20020919	20022120	1201
20051611	20082107	30496
20091184	20096927	5743
20097603	20098644	1041
20099194	20100657	1463
20101584	20104634	3050
20105365	20105947	582
20117398	20120481	3083
20123551	20124843	1292
20125132	20126368	1236
20132310	20133707	1397
20181622	20182879	1257
20193543	20194738	1195
20195170	20196787	1617
20197409	20199146	1737
20200634	20202700	2066
20203392	20205222	1830
20211600	20213520	1920
20214914	20216297	1383
20217032	20218424	1392
20219481	20223350	3869
20234367	20238412	4045
20241180	20258654	17474
20258914	20261900	2986
20266489	20268435	1946
20283802	20284252	450
20288902	20290071	1169
20292510	20295395	2885
20297410	20299383	1973
20302754	20306566	3812
20310290	20313216	2926
20314052	20315458	1406
20315477	20316309	832
20335734	20337419	1685
20338222	20338820	598
20338836	20341042	2206
20346549	20349732	3183
20349907	20351431	1524
20351612	20352920	1308
20352933	20354685	1752
20354943	20359824	4881
20360298	20363359	3061
20364772	20368996	4224
20369342	20375498	6156
20375505	20377209	1704
20382951	20384487	1536
20384785	20386653	1868
20388494	20388951	457
20389388	20394709	5321
20400203	20403666	3463
20406704	20417409	10705
20417524	20419171	1647
20419299	20420766	1467
20421062	20423575	2513
20423705	20425461	1756
20428210	20429309	1099
20432700	20433021	321
20433054	20433663	609
20443632	20445964	2332
20446833	20446921	88
20447107	20447185	78
20447346	20447424	78
20447596	20447674	78
20453783	20455374	1591
20457814	20459141	1327
20460044	20462692	2648
20462774	20466823	4049
20467566	20470103	2537
20485182	20490184	5002
20492936	20494600	1664
20497286	20498800	1514
20499132	20500475	1343
20507698	20512493	4795
20512690	20513872	1182
20514109	20515534	1425
20515540	20519274	3734
20519676	20521010	1334
20526809	20528435	1626
20590241	20613759	23518
20616951	20617591	640
20619701	20620724	1023
20626120	20626584	464
20627272	20627751	479
20630299	20634010	3711
20646006	20647226	1220
20685430	20688478	3048
20707200	20708258	1058
20722374	20722756	382
20730669	20732530	1861
20748076	20748785	709
20751983	20752292	309
20761307	20762582	1275
20762686	20763238	552
20763243	20764607	1364
20769866	20771364	1498
20773450	20779297	5847
20779440	20781237	1797
20781986	20785877	3891
20788119	20788778	659
20789016	20789602	586
20790341	20791475	1134
20791745	20793181	1436
20793510	20799953	6443
20799968	20802372	2404
20802769	20806432	3663
20806453	20809175	2722
20810001	20811127	1126
20829282	20830253	971
20830588	20831939	1351
20832196	20834676	2480
20837432	20878288	40856
20880106	20881102	996
20889368	20890517	1149
20890657	20891601	944
20894954	20895624	670
20898895	20899431	536
20906258	20906805	547
20913902	20914173	271
20914282	20914849	567
20920926	20922290	1364
20943459	20943883	424
20948855	20949850	995
20953498	20954486	988
20954637	20955655	1018
20955755	20959862	4107
20959866	20963763	3897
20963912	20967800	3888
20971865	20972750	885
20999479	20999620	141
21021015	21023241	2226
21023380	21024460	1080
21026654	21027303	649
21058952	21059338	386
21081323	21082089	766
21114753	21116515	1762
21116853	21117984	1131
21126350	21129453	3103
21129547	21165030	35483
21166218	21168073	1855
21176413	21186463	10050
21196020	21201192	5172
21201248	21203184	1936
21209095	21209939	844
21210001	21212340	2339
21213500	21216218	2718
21251120	21251858	738
21259780	21261435	1655
21261701	21262242	541
21263822	21273343	9521
21273591	21274606	1015
21274852	21279062	4210
21279199	21283410	4211
21284960	21285900	940
21287592	21289798	2206
21289863	21290903	1040
21291775	21292163	388
21293680	21294271	591
21294885	21297758	2873
21299238	21311120	11882
21311323	21311750	427
21311874	21328127	16253
21330781	21336816	6035
21337868	21342388	4520
21348200	21349595	1395
21350783	21352967	2184
21353279	21354329	1050
21398525	21399838	1313
21420890	21426166	5276
21431728	21434463	2735
21435327	21437919	2592
21438934	21441228	2294
21467233	21469579	2346
21477991	21483686	5695
21484499	21485873	1374
21486183	21487007	824
21494521	21497059	2538
21505241	21508987	3746
21509406	21515784	6378
21516286	21521263	4977
21521646	21522215	569
21523059	21526813	3754
21527760	21529961	2201
21530100	21531682	1582
21531959	21532547	588
21532962	21534315	1353
21535459	21536112	653
21536950	21548028	11078
21548473	21551326	2853
21552074	21555281	3207
21558526	21560885	2359
21561159	21561998	839
21562276	21566623	4347
21567114	21567221	107
21567231	21568974	1743
21569133	21570319	1186
21587697	21588560	863
21606897	21610476	3579
21610723	21612973	2250
21613100	21618747	5647
21621425	21627546	6121
21628405	21629351	946
21630047	21632160	2113
21632459	21633810	1351
21634095	21635699	1604
21638058	21659406	21348
21659552	21660080	528
21660524	21661157	633
21661814	21661902	88
21671102	21672813	1711
21677100	21678051	951
21683712	21699465	15753
21717426	21721906	4480
21722775	21723554	779
21723825	21724650	825
21725906	21726587	681
21727199	21727888	689
21728966	21729301	335
21730806	21731530	724
21732579	21733409	830
21734634	21735541	907
21736348	21737369	1021
21750257	21751146	889
21762915	21764421	1506
21768131	21771105	2974
21806105	21806798	693
21815097	21816409	1312
21816561	21817671	1110
21820874	21821580	706
21822354	21823319	965
21823644	21825353	1709
21829765	21834456	4691
21834908	21835486	578
21847194	21847265	71
21877611	21880139	2528
21931734	21934912	3178
21942925	21944650	1725
21948210	21951141	2931
21952354	21953603	1249
21954971	21955296	325
21955501	21963064	7563
21965102	21977706	12604
21978310	21980290	1980
22019330	22021425	2095
22022553	22022870	317
22023069	22023741	672
22028103	22058379	30276
22059007	22060316	1309
22060344	22064948	4604
22065469	22065720	251
22066168	22067623	1455
22068156	22068856	700
22068967	22070587	1620
22073422	22073654	232
22075820	22076467	647
22115032	22115316	284
22115833	22116020	187
22218620	22218978	358
22250849	22256021	5172
22258906	22259779	873
22260482	22266845	6363
22267085	22277435	10350
22277454	22281295	3841
22281765	22285910	4145
22322878	22323757	879
22413955	22414300	345
22447473	22449089	1616
22451916	22454231	2315
22458719	22461176	2457
22461962	22462953	991
22463656	22466609	2953
22467052	22467531	479
22467895	22468892	997
22489442	22490214	772
22491410	22491939	529
22494700	22495517	817
22496078	22496930	852
22496969	22497523	554
22497587	22498318	731
22503366	22504167	801
22511296	22511391	95
22541537	22542442	905
22543326	22545119	1793
22599469	22600226	757
22636981	22637570	589
22638727	22639336	609
22639407	22640059	652
22640287	22640848	561
22641027	22641619	592
22641772	22642387	615
22642496	22643088	592
22644955	22645625	670
22662389	22662480	91
22663056	22673134	10078
22679460	22680187	727
22680322	22681388	1066
22684774	22685628	854
22686424	22686912	488
22687183	22687748	565
22689053	22689535	482
22690330	22691070	740
22692533	22692970	437
22705255	22706760	1505
22707413	22710677	3264
22710828	22713043	2215
22714330	22715191	861
22719334	22720889	1555
22722866	22724700	1834
22726252	22731520	5268
22731808	22732534	726
22734893	22741714	6821
22742544	22780731	38187
22782333	22828294	45961
22830168	22831270	1102
22833393	22834402	1009
22836364	22836446	82
22840825	22840896	71
22845370	22846612	1242
22847683	22849159	1476
22853887	22854590	703
22856964	22857596	632
22860588	22861343	755
22862645	22862722	77
22866802	22872084	5282
22872189	22874063	1874
22874145	22886921	12776
22889227	22889719	492
22891291	22891680	389
22891844	22893362	1518
22895012	22898570	3558
22902418	22902787	369
22903591	22916632	13041
22938757	22945348	6591
22947521	22948402	881
22954030	22954768	738
22980742	22981362	620
22991472	23033400	41928
23086290	23088571	2281
23090172	23096560	6388
23119125	23125309	6184
23129723	23131371	1648
23142630	23143768	1138
23176699	23177013	314
23181203	23181992	789
23199769	23280548	80779
23311746	23331200	19454
23332426	23339036	6610
23547693	23682740	135047
23683726	23684768	1042
23708123	23709789	1666
23719929	23721089	1160
23724714	23725277	563
23731060	23742158	11098
23777331	23780505	3174
23874833	23876242	1409
23902219	23903223	1004
24003031	24004463	1432
24021615	24028959	7344
24283390	24283964	574
24317966	24394755	76789
