18479	20989	2510
74340	75632	1292
123284	130439	7155
209800	358565	148765
395500	395950	450
402893	403963	1070
434196	452786	18590
482793	496997	14204
506535	508338	1803
508623	510016	1393
559358	561144	1786
579177	616522	37345
617986	618900	914
619019	619848	829
631853	645553	13700
667816	671151	3335
673360	676470	3110
702931	711824	8893
716751	718092	1341
783235	795190	11955
805024	909460	104436
919500	920300	800
952742	957715	4973
969389	969936	547
978086	982595	4509
1014754	1016801	2047
1032238	1042261	10023
1065470	1138527	73057
1141450	1142800	1350
1146509	1183470	36961
1194793	1217060	22267
1227211	1228500	1289
1239222	1239627	405
1241499	1242228	729
1247836	1250609	2773
1250758	1254862	4104
1301249	1343600	42351
1355824	1383366	27542
1390942	1395371	4429
1491092	1492339	1247
1496140	1499091	2951
1528420	1540320	11900
1543911	1550727	6816
1551414	1553446	2032
1555888	1557491	1603
1559246	1560305	1059
1564255	1579228	14973
1585377	1587717	2340
1589617	1592944	3327
1593707	1615030	21323
1642022	1643832	1810
1645570	1647912	2342
1652685	1652824	139
1662281	1670363	8082
1678946	1680472	1526
1682918	1684215	1297
1684700	1686017	1317
1692217	1748336	56119
1766701	1767900	1199
1772399	1774000	1601
1781400	1818868	37468
1824905	1826499	1594
1845126	1847688	2562
1847780	1854361	6581
1854902	1855219	317
1856604	1861890	5286
1862362	1868283	5921
1869349	1900300	30951
1901415	1903194	1779
1907816	1910649	2833
1913778	1923893	10115
1924062	1928152	4090
1930037	1932469	2432
1934700	1934897	197
1937379	1937791	412
1944862	1947063	2201
1956300	1957300	1000
1961976	1963872	1896
1964415	1965593	1178
1966146	1968077	1931
1968333	1973130	4797
2024808	2025916	1108
2029670	2029742	72
2029877	2029949	72
2040108	2040181	73
2040691	2040764	73
2041011	2041084	73
2046102	2047140	1038
2049040	2049112	72
2049528	2049601	73
2049702	2049775	73
2050024	2050097	73
2050186	2050258	72
2052381	2052453	72
2053489	2053561	72
2053656	2053729	73
2057112	2057184	72
2059001	2059073	72
2059192	2059264	72
2061189	2063700	2511
2066089	2066161	72
2067231	2067861	630
2068431	2069131	700
2077634	2077707	73
2077877	2077950	73
2084892	2085771	879
2088358	2089461	1103
2090230	2092729	2499
2094724	2096973	2249
2097287	2101627	4340
2103702	2106124	2422
2113139	2114389	1250
2129509	2142771	13262
2396400	2397800	1400
2420100	2421100	1000
2487549	2488483	934
2511337	2512082	745
2512747	2520595	7848
2521152	2523767	2615
2524017	2529863	5846
2529923	2532603	2680
2536159	2540347	4188
2540722	2542772	2050
2542968	2544099	1131
2544831	2548129	3298
2548150	2549623	1473
2550900	2551700	800
2555655	2556243	588
2556529	2557581	1052
2557659	2560877	3218
2564506	2567896	3390
2569301	2569899	598
2570691	2572215	1524
2572250	2577479	5229
2582619	2584166	1547
2584244	2586974	2730
2594668	2594778	110
2594811	2596465	1654
2603847	2605212	1365
2605701	2607038	1337
2608606	2628177	19571
2629404	2633646	4242
2633886	2636459	2573
2643801	2644714	913
2645106	2646408	1302
2667254	2668996	1742
2696549	2697271	722
2697516	2698035	519
2698524	2705704	7180
2708065	2710101	2036
2718801	2719298	497
2723038	2723140	102
2725579	2726560	981
2729050	2729599	549
2749506	2760223	10717
2763411	2766432	3021
2766790	2768275	1485
2770785	2772378	1593
2773057	2775767	2710
2779265	2810118	30853
2830601	2831500	899
2834313	2834385	72
2835243	2835315	72
2835789	2835861	72
2836638	2836710	72
2836987	2837789	802
2837890	2839663	1773
2861543	2862638	1095
2867001	2867700	699
2867900	2868700	800
2868951	2873217	4266
2873548	2876427	2879
2880186	2881811	1625
2886353	2887353	1000
2887659	2889201	1542
2892662	2893641	979
2893947	2896127	2180
2897003	2899244	2241
2899759	2905867	6108
2906265	2906895	630
2907638	2908251	613
2910901	2911601	700
2912515	2915587	3072
2916416	2920738	4322
2921067	2922425	1358
2924273	2926555	2282
2926635	2927318	683
2930161	2932215	2054
2933274	2936043	2769
2936743	2939469	2726
2940252	2941904	1652
2942222	2944081	1859
2945159	2949237	4078
2949613	2951074	1461
2951904	2953618	1714
2955752	2957401	1649
2957475	2957548	73
2958265	2958338	73
3015343	3017313	1970
3017782	3019644	1862
3022000	3022600	600
3036679	3037182	503
3037300	3037599	299
3039167	3041147	1980
3041243	3042929	1686
3043982	3045746	1764
3063391	3065795	2404
3065895	3068235	2340
3070502	3072803	2301
3120345	3122418	2073
3130529	3133281	2752
3136666	3138160	1494
3142107	3144201	2094
3146372	3148774	2402
3159780	3165606	5826
3165972	3169300	3328
3170077	3188311	18234
3198900	3201000	2100
3213401	3222700	9299
3230850	3231200	350
3269681	3274620	4939
3278374	3280666	2292
3282501	3283699	1198
3288248	3288987	739
3289364	3289869	505
3290262	3291375	1113
3291540	3291946	406
3294238	3294342	104
3295876	3296890	1014
3310001	3310499	498
3315410	3316098	688
3317001	3317500	499
3319201	3320001	800
3331329	3333297	1968
3334978	3337500	2522
3339175	3339870	695
3342427	3346379	3952
3347190	3350900	3710
3351009	3352492	1483
3352523	3354264	1741
3354384	3364667	10283
3366358	3377328	10970
3379869	3381002	1133
3381311	3383971	2660
3384207	3387650	3443
3396032	3397862	1830
3398127	3400254	2127
3401351	3403895	2544
3404428	3406441	2013
3409942	3413221	3279
3413623	3420486	6863
3420695	3421002	307
3425737	3427201	1464
3451939	3453256	1317
3453378	3454243	865
3466170	3467434	1264
3467993	3474584	6591
3475278	3477614	2336
3477624	3482747	5123
3482770	3508216	25446
3509392	3510200	808
3520346	3521385	1039
3539945	3541459	1514
3542577	3544275	1698
3544400	3546566	2166
3546761	3548123	1362
3549360	3550913	1553
3551291	3552774	1483
3554753	3556534	1781
3557832	3558608	776
3561226	3561905	679
3562867	3563867	1000
3564045	3586407	22362
3587005	3589383	2378
3591011	3592600	1589
3592688	3596689	4001
3598922	3598981	59
3600083	3601687	1604
3602428	3604286	1858
3604312	3623127	18815
3624524	3670142	45618
3670839	3673090	2251
3673827	3673948	121
3676711	3677493	782
3677873	3678675	802
3679406	3680885	1479
3688290	3693890	5600
3693989	3697572	3583
3697573	3699533	1960
3700009	3702991	2982
3709616	3711074	1458
3711448	3712646	1198
3714808	3716183	1375
3717918	3719276	1358
3719676	3721346	1670
3722317	3773487	51170
3802532	3803983	1451
3808340	3810109	1769
3810280	3812493	2213
3817163	3818521	1358
3818559	3819885	1326
3819934	3824345	4411
3824371	3826619	2248
3826706	3827164	458
3827461	3829375	1914
3830947	3831980	1033
3832343	3834487	2144
3837844	3838997	1153
3845712	3847520	1808
3847638	3849426	1788
3853534	3855529	1995
3855634	3859508	3874
3859680	3861604	1924
3875967	3878788	2821
3879701	3880072	371
3881303	3882473	1170
3882943	3885783	2840
3887995	3889625	1630
3892329	3894177	1848
3894751	3896567	1816
3896624	3901260	4636
3902754	3902848	94
3906681	3914100	7419
3916434	3917440	1006
3918788	3930034	11246
3939585	3953059	13474
3953779	3955160	1381
3955482	3966320	10838
3966374	3967546	1172
3970481	3974656	4175
3974901	3976802	1901
3976987	3978802	1815
3984297	3985989	1692
3989765	3993823	4058
3993890	3994878	988
4001791	4010506	8715
4012486	4014747	2261
4016859	4018828	1969
4021675	4022820	1145
4034423	4044159	9736
4044762	4045419	657
4045960	4046033	73
4046911	4049070	2159
4049184	4051005	1821
4051505	4052374	869
4053455	4053553	98
4055453	4057594	2141
4059869	4061118	1249
4092393	4093211	818
4115495	4116232	737
4116801	4118301	1500
4124776	4127802	3026
4129101	4129522	421
4129901	4131005	1104
4133300	4133800	500
4136601	4137100	499
4141728	4144436	2708
4146791	4147289	498
4147346	4147988	642
4148112	4148968	856
4150179	4150783	604
4150991	4151931	940
4153198	4154800	1602
4155148	4156839	1691
4164850	4165500	650
4185611	4185705	94
4192000	4192600	600
4197000	4197750	750
4198200	4198651	451
4199150	4199450	300
4246971	4249661	2690
4249864	4250723	859
4250777	4252850	2073
4253055	4254193	1138
4254668	4255432	764
4255849	4257543	1694
4258578	4259647	1069
4283902	4299272	15370
4304681	4305211	530
4308538	4316082	7544
4317620	4318748	1128
4320391	4320889	498
4321302	4322290	988
4322815	4323600	785
4325152	4326000	848
4326900	4330311	3411
4332487	4332586	99
4337169	4339409	2240
4341132	4343287	2155
4343414	4345397	1983
4346320	4348389	2069
4350258	4352597	2339
4352663	4355100	2437
4356151	4359168	3017
4361461	4419799	58338
4430301	4431047	746
4439364	4439795	431
4445920	4446429	509
4451692	4454707	3015
4456642	4457811	1169
4458004	4459652	1648
4460873	4472284	11411
4478002	4479453	1451
4479700	4480474	774
4481536	4482506	970
4484477	4487467	2990
4498884	4501660	2776
4502227	4512708	10481
4512956	4513685	729
4513686	4515116	1430
4515405	4517691	2286
4517712	4519467	1755
4538202	4539001	799
4564724	4565166	442
4566651	4567458	807
4570720	4570802	82
4580301	4583750	3449
4583933	4586088	2155
4588197	4589299	1102
4589340	4592007	2667
4593893	4596991	3098
4597238	4597825	587
4597903	4600418	2515
4600951	4602599	1648
4604455	4605200	745
4607605	4609129	1524
4612410	4612570	160
4616469	4617006	537
4617007	4621809	4802
4624875	4625295	420
4631550	4631881	331
4655801	4656300	499
4680138	4681278	1140
4713896	4715260	1364
4747869	4775602	27733
4775909	4778906	2997
4779337	4780844	1507
4785325	4785780	455
4786234	4787716	1482
4788071	4788880	809
4788909	4792296	3387
4792349	4794495	2146
4796937	4797854	917
4798405	4801574	3169
4805213	4806382	1169
4807775	4810260	2485
4810290	4812851	2561
4813176	4814395	1219
4814519	4815610	1091
4815674	4820608	4934
4820928	4821950	1022
4822081	4827294	5213
4827920	4828641	721
4829100	4830000	900
4831000	4831800	800
4831803	4834849	3046
4835618	4838591	2973
4839100	4839747	647
4839844	4850301	10457
4850669	4855689	5020
4856851	4873405	16554
4880450	4894092	13642
4894739	4901031	6292
4901873	4904700	2827
4906537	4918550	12013
4927233	4929647	2414
4929766	4932214	2448
4947966	4949429	1463
4949800	4965059	15259
4966226	4969879	3653
4972103	4975313	3210
4980011	4982163	2152
4982877	4983031	154
4983190	4983337	147
4983501	4983585	84
4983742	4983818	76
4984011	4984087	76
4984268	4984349	81
4984535	4984674	139
4986044	4990658	4614
4990743	4994301	3558
4994656	4997223	2567
4999010	5001456	2446
5001779	5003535	1756
5003627	5009505	5878
5010809	5019535	8726
5022880	5025438	2558
5025991	5029486	3495
5029651	5031419	1768
5031461	5032656	1195
5032765	5036017	3252
5036194	5039397	3203
5045412	5048941	3529
5048989	5049503	514
5049542	5052472	2930
5054071	5055013	942
5055268	5064766	9498
5070900	5072000	1100
5074175	5079601	5426
5082710	5087375	4665
5091915	5094629	2714
5095066	5097279	2213
5100630	5101249	619
5101600	5102650	1050
5125017	5127336	2319
5127546	5129644	2098
5129825	5131915	2090
5147783	5151476	3693
5172815	5174139	1324
5176462	5179070	2608
5179361	5190326	10965
5190328	5196227	5899
5200528	5200621	93
5232854	5236368	3514
5250079	5250411	332
5277670	5282786	5116
5282835	5283711	876
5283770	5286239	2469
5287258	5287834	576
5288036	5300968	12932
5301847	5305351	3504
5309477	5311193	1716
5311592	5313612	2020
5313944	5322143	8199
5322174	5332442	10268
5332949	5333299	350
5340914	5341560	646
5341802	5342453	651
5381671	5390693	9022
5391270	5429070	37800
5429452	5435640	6188
5441267	5441329	62
5447103	5448573	1470
5449143	5451376	2233
5469266	5472050	2784
5473615	5474219	604
5476555	5477948	1393
5478372	5480249	1877
5481550	5487010	5460
5487414	5488757	1343
5488936	5490406	1470
5493144	5493375	231
5493493	5494689	1196
5495633	5497795	2162
5508756	5508843	87
5524501	5525178	677
5548730	5548801	71
5575794	5580833	5039
5591889	5593652	1763
5596201	5598001	1800
5599826	5603761	3935
5603853	5635626	31773
5636305	5636894	589
5643798	5645573	1775
5662615	5663875	1260
5676044	5678800	2756
5680831	5685511	4680
5703015	5704105	1090
5704805	5706040	1235
5708673	5710460	1787
5710587	5714711	4124
5715609	5724147	8538
5725939	5727005	1066
5728585	5730007	1422
5732963	5733990	1027
5734141	5735341	1200
5735566	5738147	2581
5748650	5749050	400
5753137	5754189	1052
5755724	5756664	940
5758975	5761151	2176
5775153	5776990	1837
5777383	5778646	1263
5779460	5786018	6558
5786523	5790792	4269
5793799	5797962	4163
5798398	5800993	2595
5801001	5846363	45362
5851340	5852572	1232
5854736	5855893	1157
5856434	5858402	1968
5858648	5860285	1637
5866824	5868300	1476
5876664	5881064	4400
5899598	5899704	106
5913861	5914263	402
5915948	5920398	4450
5928570	5931012	2442
5931540	5932701	1161
5935858	5937571	1713
5938367	5939672	1305
5940148	5940500	352
5940600	5940898	298
5941683	5942081	398
5950890	5954019	3129
5954722	5956207	1485
5958486	5963150	4664
5968293	5968429	136
5972947	5974632	1685
5986023	5987095	1072
5987182	5997192	10010
5997245	6004962	7717
6005199	6008956	3757
6008991	6010079	1088
6011798	6024977	13179
6026769	6029579	2810
6040222	6041850	1628
6043421	6046436	3015
6084641	6087216	2575
6092959	6122112	29153
6133576	6135065	1489
6136940	6139922	2982
6144191	6148781	4590
6148820	6151332	2512
6156521	6194529	38008
6194535	6197299	2764
6197618	6198648	1030
6198677	6199528	851
6207349	6208005	656
6239038	6239666	628
6239961	6240587	626
6240873	6241889	1016
6242229	6243336	1107
6243676	6244305	629
6247718	6248345	627
6249690	6251089	1399
6264633	6267614	2981
6294480	6294950	470
6296025	6296279	254
6296660	6297256	596
6297490	6298075	585
6298275	6298718	443
6306223	6307266	1043
6309211	6310494	1283
6311941	6312976	1035
6314385	6315420	1035
6317213	6324086	6873
6324103	6324887	784
6336855	6346397	9542
6353506	6356045	2539
6365548	6366300	752
6366516	6367616	1100
6367668	6369391	1723
6369399	6372760	3361
6424000	6424165	165
6424250	6424410	160
6424455	6424625	170
6424640	6424775	135
6429100	6429500	400
6445393	6504785	59392
6505167	6529312	24145
6529323	6532932	3609
6533240	6536139	2899
6536393	6537335	942
6544200	6545050	850
6560850	6608643	47793
6612775	6614777	2002
6618840	6625875	7035
6626122	6627334	1212
6648283	6649173	890
6670400	6673102	2702
6673219	6673531	312
6673700	6673998	298
6678964	6680614	1650
6687925	6696443	8518
6698061	6698441	380
6699662	6700815	1153
6700910	6703286	2376
6703542	6707389	3847
6708603	6709145	542
6709181	6709904	723
6709905	6710877	972
6714935	6723214	8279
6724075	6726232	2157
6741051	6742000	949
6747200	6747696	496
6762397	6762897	500
6763253	6764801	1548
6764817	6767178	2361
6767479	6770707	3228
6771052	6772441	1389
6773038	6773094	56
6780539	6781919	1380
6784649	6785390	741
6785536	6786565	1029
6791075	6793068	1993
6797428	6797990	562
6825930	6829243	3313
6833814	6834600	786
6973750	6974350	600
7004730	7009389	4659
7011163	7013152	1989
7033794	7034633	839
7035107	7037573	2466
7042401	7042798	397
7046591	7104899	58308
7107044	7109985	2941
7113963	7120021	6058
7120697	7121219	522
7121500	7121970	470
7122757	7123260	503
7123708	7124191	483
7124677	7125149	472
7125613	7126500	887
7126999	7127619	620
7129250	7129699	449
7131752	7132704	952
7132911	7133500	589
7133610	7134159	549
7135631	7136115	484
7137099	7137438	339
7139256	7140903	1647
7142672	7143488	816
7144012	7146272	2260
7146611	7147481	870
7148584	7149311	727
7152631	7154361	1730
7154420	7160080	5660
7161350	7162791	1441
7165462	7165950	488
7166398	7167188	790
7167989	7171476	3487
7171788	7172603	815
7180036	7181096	1060
7182041	7185025	2984
7189752	7190492	740
7193016	7195033	2017
7195384	7197334	1950
7198336	7198670	334
7207215	7208817	1602
7211819	7223968	12149
7224345	7225296	951
7225302	7226238	936
7226691	7227637	946
7228018	7228928	910
7229219	7230265	1046
7231765	7232624	859
7232742	7233571	829
7233830	7234900	1070
7236566	7237375	809
7238316	7239126	810
7241069	7241878	809
7243619	7244105	486
7244225	7245042	817
7245069	7245155	86
7245407	7246681	1274
7246942	7247668	726
7248211	7249376	1165
7249405	7250910	1505
7254215	7257792	3577
7257805	7258840	1035
7261112	7264614	3502
7264698	7266682	1984
7267852	7271619	3767
7274665	7276284	1619
7281858	7281929	71
7287275	7287346	71
7292204	7292275	71
7292737	7292808	71
7293102	7295584	2482
7296081	7296954	873
7297315	7297943	628
7302015	7302967	952
7320155	7320803	648
7323748	7329721	5973
7330010	7339109	9099
7339548	7352775	13227
7361970	7397200	35230
7411511	7415715	4204
7475688	7475836	148
7478846	7478990	144
7503700	7504199	499
7504374	7506528	2154
7506984	7528446	21462
7528982	7539121	10139
7539362	7539844	482
7539872	7539944	72
7540154	7540226	72
7542403	7543267	864
7548068	7548140	72
7553273	7562287	9014
7563440	7565519	2079
7571670	7573939	2269
7576074	7578368	2294
7578790	7585290	6500
7586597	7587822	1225
7588152	7589954	1802
7592260	7593727	1467
7599768	7613850	14082
7655958	7657066	1108
7666031	7666740	709
7675313	7676998	1685
7712850	7714602	1752
7714675	7727330	12655
7729608	7731745	2137
7731883	7732604	721
7732829	7739829	7000
7740122	7748707	8585
7748815	7749520	705
7750042	7750757	715
7751666	7752446	780
7752681	7753888	1207
7754448	7755084	636
7755381	7773090	17709
7775073	7778484	3411
7780628	7780700	72
7787022	7788899	1877
7791828	7800284	8456
7805380	7806601	1221
7816749	7817301	552
7854848	7857620	2772
7865041	7866523	1482
7866599	7868043	1444
7868082	7870461	2379
7870650	7872898	2248
7874018	7876292	2274
7876636	7879855	3219
7882500	7883699	1199
7902600	7903400	800
7910651	7912777	2126
7913119	7915212	2093
7915490	7921230	5740
7923426	7924670	1244
7924803	7926356	1553
7926546	7930128	3582
7932117	7937677	5560
7938482	7939260	778
7942594	7950371	7777
7952070	7967048	14978
7968781	7969562	781
7972699	8006845	34146
8026800	8027734	934
8030696	8032057	1361
8033529	8038562	5033
8046377	8046475	98
8048631	8048808	177
8051180	8052401	1221
8052414	8053317	903
8056236	8057508	1272
8057658	8057749	91
8057878	8057967	89
8064935	8066058	1123
8066988	8067407	419
8067998	8069878	1880
8071349	8071815	466
8075843	8077882	2039
8079879	8086359	6480
8086688	8086778	90
8087167	8087257	90
8093597	8094701	1104
8096398	8099660	3262
8101515	8101900	385
8111966	8116815	4849
8121500	8122100	600
8127904	8128318	414
8128723	8129377	654
8130051	8130778	727
8131504	8132206	702
8134200	8134500	300
8141497	8143206	1709
8144787	8146157	1370
8146914	8148318	1404
8184000	8185310	1310
8186252	8189745	3493
8190049	8193774	3725
8194033	8197917	3884
8198194	8201339	3145
8201622	8205078	3456
8208099	8208417	318
8210012	8213763	3751
8213865	8221365	7500
8221431	8221502	71
8221739	8221810	71
8222500	8222571	71
8222821	8223710	889
8223923	8223994	71
8224238	8224309	71
8224395	8225223	828
8225302	8227049	1747
8227115	8232122	5007
8232488	8238830	6342
8239298	8242918	3620
8243176	8246592	3416
8246941	8250670	3729
8250825	8254084	3259
8254858	8258391	3533
8259099	8262586	3487
8262791	8263183	392
8264131	8264883	752
8265945	8266901	956
8267119	8267931	812
8270550	8272025	1475
8274171	8277562	3391
8278401	8279204	803
8280988	8282347	1359
8282412	8286647	4235
8289721	8292613	2892
8293437	8294550	1113
8295298	8296028	730
8296459	8297240	781
8297584	8298201	617
8298516	8299183	667
8301467	8302675	1208
8303549	8305736	2187
8306619	8306900	281
8307316	8310040	2724
8310436	8312964	2528
8314388	8315366	978
8318100	8318801	701
8323625	8324495	870
8328138	8328825	687
8340695	8353135	12440
8356156	8359227	3071
8359420	8361526	2106
8374224	8374883	659
8383177	8388964	5787
8395401	8398120	2719
8399039	8402567	3528
8404769	8406417	1648
8406671	8409129	2458
8409528	8410236	708
8433194	8433806	612
8449565	8450160	595
8451729	8452406	677
8456519	8457352	833
8457872	8459388	1516
8476744	8478900	2156
8482001	8483154	1153
8500245	8507325	7080
8511231	8512857	1626
8513313	8516124	2811
8516202	8519883	3681
8520179	8520959	780
8521671	8523646	1975
8524176	8528133	3957
8528195	8535729	7534
8538806	8539992	1186
8540310	8543248	2938
8543459	8546846	3387
8547002	8557724	10722
8557988	8567098	9110
8567472	8573684	6212
8576238	8577381	1143
8577564	8578460	896
8578813	8580195	1382
8587586	8588356	770
8638988	8640441	1453
8640531	8643919	3388
8644638	8645034	396
8647198	8648504	1306
8649618	8651330	1712
8664829	8666500	1671
8671116	8686764	15648
8694119	8695316	1197
8726738	8727355	617
8728318	8730063	1745
8730170	8732209	2039
8733049	8734101	1052
8734353	8735509	1156
8735644	8736800	1156
8755114	8757288	2174
8757754	8759299	1545
8760292	8762517	2225
8762669	8764471	1802
8764599	8767735	3136
8768950	8770758	1808
8772137	8786890	14753
8793900	8794800	900
8803499	8811239	7740
8812072	8818149	6077
8818417	8821550	3133
8821739	8824040	2301
8825121	8825848	727
8827828	8833852	6024
8837909	8839798	1889
8840617	8843217	2600
8853502	8868499	14997
8872872	8873500	628
8881402	8882127	725
8884006	8895416	11410
8932200	8934761	2561
8936651	8937161	510
8942751	8967044	24293
8991400	8992400	1000
8998274	9013519	15245
9015420	9016557	1137
9017016	9019960	2944
9020647	9030325	9678
9030339	9040182	9843
9050868	9051453	585
9051464	9055537	4073
9056005	9058250	2245
9058906	9062301	3395
9062900	9063580	680
9064058	9077591	13533
9086355	9090214	3859
9090233	9094052	3819
9097314	9099742	2428
9099910	9102001	2091
9103164	9106752	3588
9106901	9107756	855
9111680	9111967	287
9115781	9117739	1958
9118088	9119168	1080
9119263	9122801	3538
9123485	9124560	1075
9124761	9126973	2212
9127234	9128518	1284
9131501	9132550	1049
9134175	9136385	2210
9136399	9139229	2830
9139357	9141842	2485
9142000	9143001	1001
9144092	9144951	859
9145391	9145982	591
9147606	9153841	6235
9155303	9183432	28129
9184707	9185972	1265
9186500	9189052	2552
9216907	9217006	99
9241143	9242026	883
9249330	9250340	1010
9263480	9265236	1756
9277000	9280866	3866
9282120	9286873	4753
9295547	9297392	1845
9297774	9298096	322
9300274	9302125	1851
9310483	9311152	669
9317787	9317860	73
9318200	9318320	120
9318489	9318562	73
9318790	9318863	73
9319282	9319355	73
9319598	9319671	73
9320173	9320299	126
9320533	9321265	732
9321712	9322550	838
9325371	9325444	73
9333205	9333814	609
9338091	9340898	2807
9364847	9365584	737
9371017	9372896	1879
9373122	9374136	1014
9374139	9382367	8228
9388126	9393516	5390
9395062	9396837	1775
9402764	9404957	2193
9409274	9410880	1606
9412882	9413953	1071
9423550	9423622	72
9424876	9435082	10206
9435749	9440745	4996
9441582	9443111	1529
9443454	9444847	1393
9445044	9445191	147
9445205	9445355	150
9445410	9445560	150
9446050	9448273	2223
9458100	9460264	2164
9461123	9461762	639
9462418	9465050	2632
9465541	9467131	1590
9468091	9480844	12753
9481149	9484062	2913
9484182	9486255	2073
9488150	9488604	454
9492000	9493160	1160
9496178	9496683	505
9549000	9551103	2103
9555241	9559099	3858
9559154	9559469	315
9561475	9562138	663
9579212	9580874	1662
9641469	9646476	5007
9665629	9667750	2121
9671500	9672001	501
9679451	9680092	641
9682282	9692736	10454
9693299	9707076	13777
9707129	9712058	4929
9712363	9713077	714
9713876	9721008	7132
9721080	9722601	1521
9723924	9726868	2944
9727558	9729248	1690
9729266	9733760	4494
9733898	9737337	3439
9740452	9741836	1384
9742164	9743399	1235
9743655	9746194	2539
9749502	9751661	2159
9751742	9829615	77873
9830039	9830882	843
9841700	9843169	1469
9846050	9847909	1859
9852158	9852960	802
9855813	9857407	1594
9857415	9858768	1353
9858830	9860339	1509
9860489	9867670	7181
9867867	9870822	2955
9872320	9878212	5892
9893365	9893511	146
9916125	9916601	476
9977830	9978477	647
9978536	9979319	783
10032856	10033029	173
10035768	10040628	4860
10044555	10044993	438
10046601	10048767	2166
10048935	10050559	1624
10050571	10052330	1759
10054487	10055738	1251
10056349	10057803	1454
10060491	10061133	642
10061198	10070343	9145
10072709	10085873	13164
10085983	10088754	2771
10088895	10099918	11023
10103307	10103369	62
10120635	10120692	57
10123292	10127208	3916
10127437	10131160	3723
10131283	10133571	2288
10134471	10140102	5631
10140103	10143697	3594
10143998	10146292	2294
10146535	10148655	2120
10148711	10155424	6713
10156277	10158163	1886
10158234	10163000	4766
10163635	10187600	23965
10187608	10189858	2250
10195647	10239307	43660
10239736	10243179	3443
10243274	10244786	1512
10245432	10247802	2370
10247938	10249285	1347
10249429	10250330	901
10250553	10252978	2425
10253161	10254163	1002
10254303	10255379	1076
10255484	10256572	1088
10256722	10257831	1109
10257836	10258621	785
10258691	10260511	1820
10260613	10261313	700
10261334	10261900	566
10261967	10262890	923
10263426	10264182	756
10265602	10272864	7262
10278201	10279714	1513
10295958	10296465	507
10296800	10299077	2277
10299330	10301356	2026
10307829	10312269	4440
10314841	10319842	5001
10320935	10321400	465
10323404	10353386	29982
10363897	10365400	1503
10368692	10384817	16125
10384852	10390993	6141
10391463	10399998	8535
10401535	10402497	962
10431655	10433877	2222
10441270	10441814	544
10458315	10463276	4961
10483116	10488721	5605
10490491	10490629	138
10492054	10492802	748
10493157	10493807	650
10493812	10494485	673
10494659	10505623	10964
10506276	10507186	910
10507303	10508825	1522
10509287	10509386	99
10509593	10509672	79
10509835	10509914	79
10510075	10510154	79
10510307	10510382	75
10510547	10510622	75
10510781	10510851	70
10511022	10511112	90
10511269	10511355	86
10511512	10511596	84
10511758	10511835	77
10517415	10518528	1113
10526043	10526440	397
10526710	10527268	558
10527719	10528131	412
10532775	10533849	1074
10544303	10546260	1957
10551751	10552861	1110
10553146	10554322	1176
10562111	10565641	3530
10625083	10626747	1664
10626864	10632840	5976
10633466	10634219	753
10634867	10635720	853
10636728	10637670	942
10640026	10640774	748
10640842	10643793	2951
10644569	10645351	782
10645412	10647107	1695
10647151	10656928	9777
10657974	10660135	2161
10660155	10694566	34411
10695924	10697436	1512
10705362	10707492	2130
10711050	10711870	820
10720337	10721456	1119
10730225	10733379	3154
10733569	10735871	2302
10736126	10740158	4032
10741368	10742553	1185
10744952	10746145	1193
10746350	10748263	1913
10748441	10758576	10135
10758871	10761210	2339
10761458	10763244	1786
10763334	10765159	1825
10766861	10768877	2016
10769623	10771551	1928
10772769	10774452	1683
10774676	10776515	1839
10788980	10815930	26950
10821020	10821418	398
10823165	10828227	5062
10831963	10850474	18511
10850797	10868300	17503
10871832	10871913	81
10875165	10879735	4570
10879837	10881340	1503
10882064	10882700	636
10900552	10901027	475
10911880	10912344	464
10912609	10913170	561
10937280	10937860	580
10943008	10943746	738
10979450	10979950	500
11002741	11032288	29547
11032473	11033024	551
11033330	11035329	1999
11035365	11037214	1849
11046701	11047050	349
11072663	11073457	794
11080133	11080733	600
11081501	11082010	509
11086570	11088705	2135
11089698	11090492	794
11092159	11093839	1680
11095498	11097291	1793
11101565	11103191	1626
11104529	11105122	593
11105500	11105700	200
11106342	11107834	1492
11114443	11120170	5727
11136289	11146003	9714
11182100	11182593	493
11184269	11185834	1565
11197436	11198639	1203
11205322	11209676	4354
11210006	11212995	2989
11213008	11213891	883
11214648	11215776	1128
11217900	11218700	800
11218830	11226889	8059
11255579	11259025	3446
11259550	11259850	300
11260745	11261255	510
11261395	11262226	831
11262351	11263207	856
11263339	11263986	647
11268229	11275356	7127
11292201	11292600	399
11296351	11296618	267
11310690	11311644	954
11314596	11315528	932
11359680	11370339	10659
11373458	11384736	11278
11387137	11388936	1799
11389325	11391115	1790
11391706	11393505	1799
11394087	11395871	1784
11399215	11403102	3887
11403283	11419764	16481
11421025	11425287	4262
11427059	11428868	1809
11428940	11430003	1063
11431821	11437489	5668
11442951	11449941	6990
11450202	11453306	3104
11457033	11458922	1889
11460649	11461496	847
11544571	11544668	97
11563946	11564350	404
11564723	11566461	1738
11566931	11567589	658
11568050	11569982	1932
11572509	11573587	1078
11574893	11576490	1597
11577331	11578519	1188
11578618	11579721	1103
11579953	11581256	1303
11581597	11582737	1140
11582891	11583983	1092
11584299	11585515	1216
11586231	11589201	2970
11599102	11600149	1047
11614886	11649549	34663
11706619	11708619	2000
11714198	11722560	8362
11730265	11734867	4602
11743466	11745027	1561
11745257	11750260	5003
11751814	11756652	4838
11783334	11783932	598
11803500	11804300	800
11810545	11819440	8895
11823398	11827578	4180
11828115	11828988	873
11831533	11832072	539
11833392	11833451	59
11842545	11844141	1596
11874951	11875591	640
11877188	11878791	1603
11878872	11879880	1008
11894398	11895172	774
11896906	11898943	2037
11901310	11902292	982
11903547	11904659	1112
11905242	11912132	6890
11912133	11915666	3533
11916108	11917596	1488
11919435	11934748	15313
11935153	11948340	13187
11952759	11952849	90
11965700	11966324	624
11968681	11986069	17388
11986811	11990113	3302
11990192	11994734	4542
11994945	11997522	2577
11997836	12004501	6665
12004614	12006654	2040
12007298	12010278	2980
12010989	12012082	1093
12012486	12025743	13257
12025857	12029433	3576
12029707	12030440	733
12033409	12036224	2815
12036317	12037300	983
12044772	12046299	1527
12057105	12058366	1261
12058617	12065812	7195
12066331	12072608	6277
12072627	12074011	1384
12081567	12083838	2271
12083889	12084433	544
12084547	12086883	2336
12086931	12090389	3458
12095140	12095211	71
12106879	12106950	71
12107143	12107214	71
12107557	12107628	71
12109617	12110132	515
12114006	12117374	3368
12117703	12121592	3889
12121863	12122441	578
12124220	12124984	764
12125608	12128227	2619
12128441	12129439	998
12130650	12147310	16660
12149789	12152124	2335
12152157	12154464	2307
12154465	12159476	5011
12159619	12165160	5541
12165190	12165901	711
12167520	12167975	455
12168455	12169134	679
12169135	12170451	1316
12173302	12173759	457
12176825	12178838	2013
12179769	12181635	1866
12181905	12184737	2832
12184954	12186519	1565
12187751	12194200	6449
12203818	12208237	4419
12208320	12209629	1309
12209691	12212306	2615
12223595	12228747	5152
12228756	12231687	2931
12231882	12233333	1451
12233343	12235005	1662
12235119	12236032	913
12241729	12242720	991
12245242	12245986	744
12246301	12247000	699
12247235	12251029	3794
12251056	12253400	2344
12266800	12267700	900
12268021	12273270	5249
12302320	12306903	4583
12319749	12320688	939
12321357	12323459	2102
12330716	12332350	1634
12333491	12335017	1526
12354214	12355027	813
12355714	12356439	725
12372346	12373057	711
12374179	12375306	1127
12375558	12376687	1129
12378605	12380738	2133
12384394	12386934	2540
12387683	12420964	33281
12422448	12424591	2143
12439763	12445991	6228
12446072	12452743	6671
12457617	12458735	1118
12459587	12461659	2072
12462084	12464091	2007
12469501	12470874	1373
12473634	12474237	603
12474550	12476689	2139
12477023	12482151	5128
12486253	12487916	1663
12495159	12512399	17240
12512798	12527516	14718
12538600	12540204	1604
12540710	12542551	1841
12542828	12555180	12352
12557831	12559341	1510
12559538	12560394	856
12578527	12581256	2729
12624318	12625390	1072
12625543	12625850	307
12631800	12632619	819
12632728	12634084	1356
12635339	12636095	756
12636320	12636965	645
12637308	12637840	532
12638281	12639000	719
12641949	12642430	481
12642606	12643328	722
12652866	12653505	639
12654309	12656743	2434
12660290	12661420	1130
12661751	12663181	1430
12665870	12666499	629
12667410	12670676	3266
12671176	12679977	8801
12680624	12683912	3288
12698100	12698600	500
12699750	12700296	546
12701900	12703000	1100
12705024	12706745	1721
12712169	12714153	1984
12714377	12715260	883
12718937	12719023	86
12730801	12732543	1742
12733000	12733500	500
12736600	12737400	800
12741530	12742969	1439
12744918	12745083	165
12748826	12755219	6393
12755727	12756785	1058
12756907	12759356	2449
12759755	12760411	656
12760520	12761260	740
12768218	12772200	3982
12782728	12782813	85
12786040	12789080	3040
12825102	12825516	414
12826201	12826500	299
12833960	12835059	1099
12835163	12835729	566
12839342	12840086	744
12842963	12844813	1850
12844970	12846432	1462
12846448	12847700	1252
12851800	12852399	599
12855513	12855583	70
12856900	12859200	2300
12883496	12886099	2603
12886115	12887631	1516
12887749	12889446	1697
12891068	12892654	1586
12892956	12895006	2050
12895179	12903399	8220
12903731	12907027	3296
12911157	12914498	3341
12919992	12921517	1525
12921550	12922114	564
12924200	12925487	1287
12927700	12930803	3103
12932248	12934273	2025
12934344	12936299	1955
12936380	12941360	4980
12942051	12944340	2289
12946836	12950139	3303
12953476	12975138	21662
12975946	12979463	3517
12979489	12980575	1086
12980751	12987006	6255
12987746	12995047	7301
12996349	13001865	5516
13006141	13007808	1667
13010403	13011742	1339
13012269	13013874	1605
13013915	13014528	613
13015985	13017839	1854
13018550	13019057	507
13020950	13021255	305
13021634	13022850	1216
13023100	13023830	730
13023956	13024408	452
13026955	13027436	481
13028084	13028699	615
13031026	13031198	172
13031470	13031551	81
13032805	13032886	81
13033159	13033331	172
13044039	13045821	1782
13045830	13046543	713
13047627	13048334	707
13052589	13054148	1559
13072601	13073100	499
13075009	13075200	191
13076301	13076600	299
13076810	13077450	640
13082708	13084664	1956
13092713	13093248	535
13133274	13133782	508
13134035	13134888	853
13141284	13142609	1325
13142746	13143242	496
13144661	13145391	730
13194264	13194807	543
13274345	13276586	2241
13279279	13279350	71
13279720	13279791	71
13282098	13292676	10578
13292809	13294932	2123
13295763	13297709	1946
13300272	13301274	1002
13301475	13307512	6037
13313175	13315016	1841
13315300	13316820	1520
13316858	13318468	1610
13327802	13329988	2186
13332690	13334988	2298
13336038	13340103	4065
13340904	13343234	2330
13343248	13343946	698
13343977	13344634	657
13345168	13353300	8132
13353384	13356682	3298
13357129	13362634	5505
13362719	13363777	1058
13365663	13369623	3960
13372507	13380674	8167
13381200	13383503	2303
13389859	13396150	6291
13396500	13398899	2399
13399018	13401360	2342
13404766	13405691	925
13406529	13423371	16842
13423718	13426647	2929
13431695	13432550	855
13432727	13433905	1178
13433911	13434967	1056
13435274	13443794	8520
13444536	13450790	6254
13453284	13455961	2677
13459601	13460289	688
13460334	13460835	501
13462484	13469030	6546
13469512	13471517	2005
13471600	13472000	400
13473197	13473748	551
13473930	13478389	4459
13479309	13480014	705
13482772	13484914	2142
13486350	13486758	408
13486894	13487112	218
13492040	13492112	72
13492276	13492348	72
13504261	13504422	161
13515996	13521021	5025
13521302	13521672	370
13534353	13552573	18220
13553183	13556780	3597
13556900	13557505	605
13557587	13558253	666
13558573	13558800	227
13558814	13560145	1331
13560344	13571004	10660
13572360	13573053	693
13573319	13573915	596
13577780	13582858	5078
13585037	13586301	1264
13586713	13586781	68
13587207	13587293	86
13587437	13587509	72
13587725	13587810	85
13587977	13588064	87
13588246	13588318	72
13588481	13588567	86
13588734	13588802	68
13588952	13589028	76
13589194	13589269	75
13589441	13589507	66
13589677	13589743	66
13589916	13589982	66
13590142	13590213	71
13590378	13590454	76
13590607	13590673	66
13590840	13606851	16011
13612535	13614352	1817
13614419	13620492	6073
13621924	13624774	2850
13625127	13627190	2063
13627406	13631474	4068
13633005	13635583	2578
13636440	13637641	1201
13637798	13640719	2921
13641060	13643927	2867
13644910	13648022	3112
13648445	13652046	3601
13653898	13653965	67
13654451	13654650	199
13654670	13655291	621
13655313	13657494	2181
13657910	13660057	2147
13661469	13669435	7966
13671300	13671391	91
13675917	13676915	998
13677184	13679953	2769
13680375	13688182	7807
13688637	13730325	41688
13734204	13735949	1745
13740800	13741801	1001
13748778	13753468	4690
13756532	13757362	830
13765048	13767517	2469
13767699	13769750	2051
13774725	13777478	2753
13781187	13781847	660
13782583	13783083	500
13842050	13842800	750
13842901	13844075	1174
13892900	13893500	600
13906170	13907716	1546
13907773	13909911	2138
13929801	13931249	1448
13931551	13932578	1027
13933891	13934989	1098
13936309	13937427	1118
13937524	13939612	2088
13940055	13941571	1516
13942474	13942851	377
13943569	13944570	1001
13945420	13946580	1160
13961677	13961994	317
13981228	13982405	1177
13982445	13988536	6091
13988566	13995894	7328
13997490	13997999	509
14005401	14013284	7883
14013852	14015715	1863
14015999	14017751	1752
14017808	14022139	4331
14022931	14027495	4564
14030307	14030443	136
14030505	14030647	142
14030684	14030829	145
14034802	14035502	700
14035601	14038915	3314
14039209	14041565	2356
14041600	14045697	4097
14045762	14047815	2053
14052199	14054645	2446
14054760	14055885	1125
14055918	14060112	4194
14060554	14061059	505
14062760	14067702	4942
14069940	14071595	1655
14075227	14075794	567
14076483	14077159	676
14095260	14096483	1223
14097025	14098310	1285
14115000	14118733	3733
14120266	14123816	3550
14133632	14134268	636
14144601	14145100	499
14163112	14164682	1570
14176201	14182217	6016
14182264	14183163	899
14183433	14184161	728
14184575	14185256	681
14185300	14186408	1108
14186822	14187577	755
14190450	14191482	1032
14199327	14199503	176
14264992	14265701	709
14268898	14269349	451
14270209	14270740	531
14271454	14271883	429
14272329	14273094	765
14274107	14274535	428
14275400	14276239	839
14276500	14276948	448
14277464	14277747	283
14277858	14278134	276
14281171	14282787	1616
14285898	14286728	830
14286991	14287880	889
14288218	14288972	754
14289351	14289802	451
14289979	14290254	275
14290753	14291591	838
14292110	14292843	733
14293516	14294266	750
14294429	14295193	764
14295339	14296460	1121
14299532	14308629	9097
14308918	14313726	4808
14317820	14327980	10160
14328470	14333031	4561
14334866	14338546	3680
14338789	14340241	1452
14340242	14341967	1725
14344107	14385531	41424
14391113	14392530	1417
14402079	14413944	11865
14414935	14423254	8319
14424272	14426921	2649
14427090	14436474	9384
14499150	14500235	1085
14501715	14502523	808
14504197	14506833	2636
14509046	14510491	1445
14512754	14515223	2469
14515423	14516900	1477
14517099	14519550	2451
14519833	14526775	6942
14527062	14527133	71
14527231	14527301	70
14527699	14528307	608
14528367	14545727	17360
14545923	14549053	3130
14551954	14553297	1343
14555032	14561041	6009
14566185	14571703	5518
14571735	14574280	2545
14584090	14584850	760
14595657	14598370	2713
14598896	14599456	560
14607674	14607792	118
14615322	14617786	2464
14626636	14629163	2527
14630022	14631131	1109
14631311	14632501	1190
14644579	14648587	4008
14657636	14657717	81
14663174	14664483	1309
14670804	14682099	11295
14682123	14684183	2060
14684480	14691232	6752
14693100	14694700	1600
14702443	14703146	703
14709693	14717204	7511
14717836	14720746	2910
14720877	14722280	1403
14724326	14734124	9798
14734363	14738104	3741
14739412	14740548	1136
14740939	14742592	1653
14743272	14745750	2478
14747880	14749583	1703
14750367	14750782	415
14751401	14752063	662
14752126	14752723	597
14753270	14753765	495
14755353	14755672	319
14786934	14787042	108
14796466	14799400	2934
14856909	14858638	1729
14858814	14860042	1228
14860117	14864767	4650
14865019	14866784	1765
14882201	14882347	146
14917514	14917755	241
14922997	14923892	895
14942736	14943429	693
14946926	14948570	1644
14981772	14983679	1907
15009736	15016805	7069
15017094	15021211	4117
15021232	15024674	3442
15024877	15028539	3662
15032051	15032856	805
15051648	15065728	14080
15066243	15114698	48455
15114849	15116118	1269
15116568	15131256	14688
15136900	15138422	1522
15138532	15139171	639
15140006	15140733	727
15146400	15147250	850
15147414	15149799	2385
15157583	15168901	11318
15168923	15171466	2543
15172056	15172724	668
15172900	15174235	1335
15175488	15176500	1012
15176614	15177357	743
15177614	15178467	853
15178610	15179701	1091
15180034	15192013	11979
15192677	15194950	2273
15194952	15198170	3218
15218394	15222693	4299
15229314	15233259	3945
15245037	15250629	5592
15254753	15261207	6454
15262818	15267679	4861
15268048	15272470	4422
15273428	15276823	3395
15279368	15283476	4108
15283720	15284277	557
15287274	15288840	1566
15301860	15301995	135
15302103	15302184	81
15302350	15302422	72
15302776	15302848	72
15312618	15318069	5451
15318164	15324764	6600
15324988	15329403	4415
15330632	15330761	129
15331684	15332563	879
15332590	15333791	1201
15334824	15339105	4281
15340009	15343032	3023
15343675	15347028	3353
15372999	15374342	1343
15374551	15379351	4800
15381501	15384361	2860
15387800	15388923	1123
15390573	15392099	1526
15392280	15392967	687
15393844	15393915	71
15395672	15397158	1486
15397273	15398976	1703
15399178	15401076	1898
15439576	15440177	601
15452378	15452449	71
15474877	15475268	391
15481295	15484371	3076
15490800	15491400	600
15492200	15492800	600
15520700	15522100	1400
15522784	15523446	662
15524165	15524905	740
15524919	15525026	107
15525064	15525546	482
15530452	15531203	751
15533988	15535150	1162
15540000	15540500	500
15540801	15541100	299
15545078	15547104	2026
15548221	15548300	79
15548374	15548447	73
15548508	15548589	81
15548663	15548731	68
15548794	15548874	80
15548927	15549026	99
15549100	15549168	68
15549211	15549279	68
15549941	15551243	1302
15551424	15557337	5913
15558123	15560982	2859
15568273	15568896	623
15569951	15570482	531
15571000	15571700	700
15573119	15575583	2464
15578303	15578583	280
15579719	15584700	4981
15585228	15586013	785
15586219	15586851	632
15587500	15588629	1129
15590429	15591420	991
15599850	15600437	587
15600900	15601481	581
15601581	15602373	792
15603070	15603143	73
15613125	15613196	71
15613410	15613481	71
15613647	15613718	71
15614603	15614657	54
15614965	15615036	71
15615486	15615557	71
15615693	15615764	71
15616392	15616463	71
15616787	15616858	71
15617067	15617201	134
15617426	15617560	134
15617809	15617943	134
15618175	15618309	134
15618548	15618682	134
15618914	15619048	134
15619273	15619407	134
15619675	15619809	134
15620055	15620189	134
15620431	15620565	134
15620793	15620927	134
15621176	15621310	134
15621542	15621676	134
15621901	15622035	134
15622277	15622411	134
15622646	15622780	134
15623015	15623149	134
15623384	15623518	134
15623753	15623887	134
15624122	15624256	134
15624491	15624625	134
15624860	15624994	134
15625229	15625363	134
15625591	15625725	134
15625957	15626091	134
15626323	15626457	134
15626699	15626833	134
15627075	15627209	134
15627441	15627575	134
15627810	15627944	134
15628169	15628303	134
15628545	15628679	134
15628911	15629045	134
15629273	15629407	134
15629642	15629776	134
15630008	15630142	134
15630381	15630523	142
15630758	15630892	134
15631134	15631268	134
15631500	15631634	134
15631866	15632000	134
15632225	15632359	134
15632601	15632735	134
15632967	15633101	134
15633333	15633467	134
15633706	15633840	134
15634079	15634213	134
15634448	15634581	133
15634823	15634957	134
15635182	15635316	134
15635548	15635682	134
15635910	15636044	134
15636279	15636413	134
15636648	15636782	134
15637017	15637151	134
15637383	15637517	134
15637756	15637890	134
15638125	15638259	134
15638494	15638628	134
15638863	15638997	134
15639232	15639366	134
15639601	15639734	133
15639962	15640096	134
15640321	15640455	134
15640694	15640828	134
15641063	15641197	134
15641432	15641566	134
15641801	15641935	134
15642170	15642304	134
15642539	15642673	134
15642908	15643042	134
15643277	15643411	134
15643646	15643780	134
15644015	15644149	134
15644384	15644518	134
15644760	15644894	134
15645129	15645263	134
15645498	15645632	134
15645867	15646001	134
15646240	15646374	134
15646606	15646740	134
15646979	15647115	136
15647347	15647481	134
15647720	15647854	134
15648096	15648230	134
15648472	15648606	134
15648848	15648982	134
15649207	15649341	134
15649573	15649707	134
15649932	15650075	143
15650307	15650441	134
15650680	15650814	134
15651049	15651183	134
15651418	15651552	134
15651794	15651928	134
15652153	15652287	134
15652526	15652668	142
15652914	15653048	134
15653280	15653414	134
15653649	15653783	134
15656966	15658738	1772
15670989	15671548	559
15671799	15677241	5442
15690096	15690168	72
15703059	15703709	650
15714083	15720478	6395
15730000	15731173	1173
15747200	15747600	400
15747700	15748200	500
15752222	15756219	3997
15756250	15757000	750
15766341	15768425	2084
15785000	15786200	1200
15797300	15799000	1700
15813000	15813350	350
15822000	15822500	500
15827387	15828049	662
15832463	15833194	731
15833236	15834254	1018
15834701	15835585	884
15838850	15839455	605
15841300	15842150	850
15843700	15844509	809
15866747	15872400	5653
15887801	15887873	72
15888324	15888396	72
15891125	15892508	1383
15894600	15895150	550
15902000	15902200	200
15904000	15904600	600
15945600	15946300	700
15972465	15974200	1735
15978300	15978800	500
15999016	16004437	5421
16024450	16024650	200
16024850	16025025	175
16025399	16025750	351
16033623	16034329	706
16038188	16038450	262
16099090	16100124	1034
16108900	16109662	762
16116986	16117056	70
16120302	16120372	70
16122500	16122850	350
16123050	16123450	400
16126000	16126934	934
16130257	16132893	2636
16133265	16135129	1864
16135635	16142175	6540
16142471	16144895	2424
16145155	16149231	4076
16149259	16150388	1129
16150463	16151189	726
16151484	16152353	869
16152425	16158499	6074
16159158	16162004	2846
16163478	16166420	2942
16166571	16168632	2061
16169134	16174599	5465
16175101	16175851	750
16177050	16178055	1005
16180050	16180500	450
16181400	16182200	800
16189700	16190500	800
16190700	16191100	400
16192022	16196176	4154
16202800	16203500	700
16204828	16206544	1716
16213349	16214311	962
16214775	16218226	3451
16229498	16230254	756
16231350	16233523	2173
16234546	16235094	548
16241613	16242572	959
16311843	16366456	54613
16378401	16379800	1399
16391089	16391707	618
16391756	16392641	885
16392655	16393263	608
16393700	16394400	700
16396000	16396300	300
16396900	16397200	300
16398600	16399100	500
16399400	16399600	200
16400202	16400674	472
16412900	16413256	356
16413816	16414330	514
16416008	16416969	961
16419372	16420474	1102
16420864	16421439	575
16421750	16423340	1590
16424083	16425769	1686
16426382	16426821	439
16427017	16427953	936
16428200	16428800	600
16434100	16435163	1063
16435321	16435796	475
16435873	16437622	1749
16437839	16439595	1756
16449968	16450506	538
16450539	16471096	20557
16471257	16471345	88
16471382	16471465	83
16471561	16471626	65
16471695	16471765	70
16472214	16472325	111
16472705	16472800	95
16472819	16472910	91
16473727	16474743	1016
16493572	16493659	87
16494386	16505722	11336
16508419	16510934	2515
16515691	16521011	5320
16523897	16525928	2031
16528481	16529173	692
16529971	16531290	1319
16531541	16533370	1829
16540062	16542601	2539
16543261	16544114	853
16545396	16545467	71
16545609	16545680	71
16549979	16554811	4832
16558141	16561000	2859
16573110	16574415	1305
16579500	16580000	500
16580334	16581244	910
16610100	16610600	500
16615334	16618115	2781
16638419	16639640	1221
16640091	16641244	1153
16653900	16655350	1450
16661192	16662869	1677
16663300	16663914	614
16664232	16665254	1022
16665754	16666992	1238
16667800	16668200	400
16675700	16676722	1022
16676800	16677706	906
16677750	16678652	902
16678967	16679697	730
16680487	16681300	813
16714787	16723533	8746
16725000	16726200	1200
16735485	16737444	1959
16737651	16739630	1979
16751286	16754581	3295
16756001	16756826	825
16757897	16758183	286
16758296	16766650	8354
16767435	16770168	2733
16784499	16786134	1635
16797209	16798306	1097
16804258	16824535	20277
16833475	16833570	95
16837607	16838599	992
16842173	16848414	6241
16860421	16861522	1101
16862993	16864439	1446
16865100	16866323	1223
16871343	16874005	2662
16874338	16878676	4338
16879781	16881886	2105
16882405	16883623	1218
16883725	16895245	11520
16895260	16897081	1821
16897269	16899426	2157
16903099	16904951	1852
16905289	16912423	7134
16912583	16913591	1008
16916800	16917546	746
16937159	16944702	7543
16947285	16948052	767
16948294	16949092	798
16950683	16952491	1808
16952884	16954592	1708
16955765	16956950	1185
16958254	16959400	1146
16975891	16978509	2618
16983463	16984810	1347
17005899	17008210	2311
17011240	17016015	4775
17016968	17029766	12798
17029873	17030766	893
17031050	17033255	2205
17034983	17035658	675
17035770	17048050	12280
17048568	17048639	71
17048861	17048931	70
17049031	17049102	71
17049218	17056164	6946
17057474	17058177	703
17058506	17062009	3503
17065259	17066141	882
17068789	17068860	71
17070183	17070254	71
17070361	17070431	70
17070827	17080418	9591
17081076	17086936	5860
17087988	17098326	10338
17100385	17102477	2092
17102940	17105284	2344
17105361	17138655	33294
17152310	17153847	1537
17153869	17155084	1215
17168568	17169161	593
17172753	17177848	5095
17178419	17179686	1267
17179744	17181151	1407
17181907	17183093	1186
17185000	17186000	1000
17196900	17197651	751
17197873	17199859	1986
17205298	17207522	2224
17207545	17210825	3280
17212723	17212828	105
17214244	17214375	131
17214387	17214527	140
17214561	17214704	143
17215768	17215876	108
17217203	17217352	149
17217632	17217764	132
17217781	17217918	137
17217939	17218070	131
17218088	17218220	132
17218241	17218372	131
17218411	17218548	137
17219078	17219184	106
17221439	17221597	158
17221650	17221804	154
17222888	17222961	73
17223015	17223049	34
17229477	17233113	3636
17234380	17235388	1008
17236450	17238083	1633
17242520	17266969	24449
17270732	17271896	1164
17272057	17273726	1669
17273814	17276781	2967
17279907	17368681	88774
17369432	17374612	5180
17374672	17385434	10762
17386408	17389237	2829
17404279	17406630	2351
17406748	17407898	1150
17407918	17409353	1435
17419100	17419700	600
17423221	17424300	1079
17424399	17425520	1121
17425755	17426798	1043
17427089	17428078	989
17447751	17463540	15789
17470997	17472873	1876
17477780	17479089	1309
17491700	17492291	591
17495898	17500576	4678
17501350	17504412	3062
17504566	17506584	2018
17506826	17511951	5125
17519512	17521867	2355
17522184	17525904	3720
17538325	17539504	1179
17543815	17544685	870
17546275	17547512	1237
17548472	17550500	2028
17550665	17551430	765
17553445	17554084	639
17555046	17557421	2375
17557657	17559098	1441
17559205	17560350	1145
17562406	17572505	10099
17573697	17575147	1450
17575408	17576050	642
17577720	17578644	924
17580196	17584657	4461
17596450	17597100	650
17597400	17599118	1718
17605309	17606337	1028
17608000	17611560	3560
17615000	17615700	700
17644850	17645418	568
17650500	17651499	999
17651500	17652200	700
17652501	17652800	299
17652994	17657701	4707
17660800	17662381	1581
17677128	17679085	1957
17683900	17684446	546
17685522	17686700	1178
17686835	17688409	1574
17690907	17691843	936
17708167	17718914	10747
17720006	17721056	1050
17721735	17722552	817
17722953	17723862	909
17725110	17726303	1193
17730602	17730673	71
17735912	17735983	71
17748330	17749499	1169
17752375	17754364	1989
17768857	17770038	1181
17822507	17824368	1861
17839097	17840067	970
17841120	17841600	480
17841747	17842350	603
17851678	17858169	6491
17858272	17858790	518
17860627	17863891	3264
17864167	17865462	1295
17865720	17867182	1462
17867365	17868604	1239
17873131	17874443	1312
17922349	17923171	822
17929172	17930450	1278
17943972	17945186	1214
17954388	17955877	1489
17958739	17960948	2209
17961043	17962813	1770
17963493	17966886	3393
17967681	17973272	5591
17973287	17976232	2945
17976928	17978196	1268
17978300	17978900	600
17978994	17987039	8045
17990682	17993468	2786
18001094	18002346	1252
18002502	18003694	1192
18009606	18012071	2465
18012072	18015007	2935
18017617	18018804	1187
18026400	18026800	400
18027440	18028869	1429
18051243	18052099	856
18060308	18062196	1888
18062456	18064212	1756
18067200	18070147	2947
18070643	18073397	2754
18084774	18084879	105
18089013	18090550	1537
18091199	18093098	1899
18093510	18095492	1982
18095969	18098270	2301
18098876	18100209	1333
18100340	18104769	4429
18105961	18108410	2449
18108685	18111095	2410
18111186	18116079	4893
18123800	18124300	500
18131468	18173974	42506
18179222	18179900	678
18180905	18184460	3555
18185719	18199442	13723
18200381	18204109	3728
18206500	18208400	1900
18216700	18217225	525
18217705	18220318	2613
18235812	18236380	568
18261200	18262471	1271
18265768	18266512	744
18267142	18270180	3038
18274900	18275400	500
18281381	18289564	8183
18290400	18290700	300
18296713	18299050	2337
18300061	18303023	2962
18303300	18303967	667
18306442	18307881	1439
18308518	18312987	4469
18313238	18314482	1244
18314984	18317089	2105
18360500	18363819	3319
18363890	18364800	910
18365884	18370559	4675
18370808	18379538	8730
18379702	18381800	2098
18437599	18439618	2019
18449812	18450636	824
18450657	18480469	29812
18482182	18483853	1671
18483991	18484630	639
18487910	18493172	5262
18494300	18494366	66
18494590	18494725	135
18494737	18494877	140
18494890	18495025	135
18495049	18495183	134
18496839	18500881	4042
18521524	18523447	1923
18523568	18525232	1664
18526312	18527706	1394
18528031	18528924	893
18529291	18531422	2131
18532151	18533849	1698
18534121	18534750	629
18534963	18535312	349
18535397	18535983	586
18536500	18537255	755
18540078	18542035	1957
18542310	18542897	587
18543140	18544001	861
18545406	18548894	3488
18549439	18550746	1307
18551197	18551979	782
18553864	18554269	405
18554660	18555443	783
18555444	18556353	909
18560700	18561200	500
18572460	18576492	4032
18576600	18576900	300
18577000	18577800	800
18578000	18579400	1400
18580029	18588475	8446
18590200	18591291	1091
18592209	18593144	935
18593377	18594183	806
18594439	18595277	838
18600206	18604752	4546
18604826	18627964	23138
18642724	18643401	677
18643670	18646500	2830
18651211	18652927	1716
18671809	18672437	628
18686604	18689685	3081
18691026	18694453	3427
18695365	18703498	8133
18712637	18716426	3789
18717167	18719400	2233
18719979	18722103	2124
18722170	18724224	2054
18724884	18726814	1930
18728262	18730500	2238
18735355	18741350	5995
18743211	18746317	3106
18755682	18758229	2547
18758713	18761950	3237
18768845	18770213	1368
18770270	18773770	3500
18775097	18776380	1283
18776451	18781948	5497
18781958	18783268	1310
18783697	18804242	20545
18804366	18806313	1947
18806460	18812265	5805
18819558	18821600	2042
18822092	18824600	2508
18826510	18828692	2182
18829400	18832670	3270
18838671	18841323	2652
18844700	18844900	200
18872734	18872842	108
18872943	18873862	919
18881192	18886407	5215
18898601	18930466	31865
18945771	18946316	545
18948943	18950116	1173
18950270	18951783	1513
18952292	18954706	2414
18954719	18959398	4679
18959542	18959623	81
18960104	18960185	81
18961352	18961491	139
18964211	18966561	2350
18966903	18967238	335
18968084	18969248	1164
18969726	18970889	1163
18973404	18973791	387
18974700	18975688	988
18977623	18981789	4166
18987580	18988001	421
18988755	18989300	545
18990000	18991256	1256
18991464	18992692	1228
18997500	18998700	1200
19001100	19001900	800
19011446	19013565	2119
19015600	19016000	400
19016127	19017712	1585
19026603	19028100	1497
19029522	19032020	2498
19040271	19040841	570
19045100	19045708	608
19071500	19072811	1311
19097653	19099062	1409
19120149	19121450	1301
19131567	19132922	1355
19134133	19135416	1283
19151792	19153066	1274
19158000	19158582	582
19158780	19163059	4279
19170266	19171636	1370
19171750	19173344	1594
19178200	19178900	700
19196177	19197339	1162
19200540	19201377	837
19205712	19206871	1159
19209004	19210922	1918
19214262	19215104	842
19217066	19217591	525
19234158	19235291	1133
19239041	19239667	626
19243895	19245088	1193
19246135	19246727	592
19247715	19253878	6163
19258883	19264568	5685
19266096	19267961	1865
19268720	19270114	1394
19271006	19271700	694
19272987	19273986	999
19276532	19284203	7671
19284293	19289832	5539
19303462	19304761	1299
19309044	19320877	11833
19327391	19328588	1197
19345588	19346282	694
19357688	19359298	1610
19359823	19361276	1453
19363221	19363941	720
19364601	19365000	399
19387174	19388225	1051
19390469	19391338	869
19394601	19395355	754
19398809	19399748	939
19407362	19411136	3774
19415328	19426022	10694
19426154	19428296	2142
19428577	19429902	1325
19430033	19431408	1375
19432346	19435674	3328
19438836	19441070	2234
19442541	19443740	1199
19444195	19447786	3591
19451496	19452303	807
19487049	19488310	1261
19488437	19489296	859
19489504	19489979	475
19490108	19491164	1056
19493212	19494177	965
19495115	19502233	7118
19525900	19526617	717
19545090	19568367	23277
19569146	19570475	1329
19572174	19573066	892
19581526	19582755	1229
19586472	19589929	3457
19590000	19592926	2926
19594436	19596549	2113
19596700	19597470	770
19606321	19607459	1138
19607843	19608530	687
19621556	19621664	108
19622427	19634352	11925
19635083	19636000	917
19636841	19637414	573
19638169	19638748	579
19639438	19640018	580
19678137	19678750	613
19689065	19690593	1528
19692334	19693667	1333
19693884	19696527	2643
19698844	19699497	653
19699708	19702294	2586
19710880	19712391	1511
19727434	19727587	153
19728100	19728300	200
19728984	19730809	1825
19731006	19732286	1280
19732524	19734547	2023
19736769	19737824	1055
19739085	19740770	1685
19743477	19744459	982
19746590	19750116	3526
19750485	19752921	2436
19754171	19756126	1955
19757796	19764965	7169
19768340	19770450	2110
19770659	19771963	1304
19776287	19777799	1512
19780589	19782510	1921
19784419	19785769	1350
19786084	19791184	5100
19792698	19794817	2119
19795997	19796398	401
19812759	19814434	1675
19824600	19827277	2677
19827933	19829637	1704
19830061	19834459	4398
19834482	19836599	2117
19838170	19839619	1449
19840036	19841571	1535
19843858	19844928	1070
19849000	19850100	1100
19850479	19852164	1685
19852295	19854280	1985
19854647	19855268	621
19856464	19857596	1132
19857828	19859756	1928
19859954	19862931	2977
19863122	19864778	1656
19874138	19874831	693
19876261	19879572	3311
19880577	19880637	60
19883066	19901777	18711
19902440	19904721	2281
19904944	19907419	2475
19907421	19909821	2400
19909866	19911504	1638
19911730	19913400	1670
19913695	19915041	1346
19915240	19916312	1072
19918069	19918950	881
19919061	19921466	2405
19921497	19924230	2733
19924243	19925438	1195
19931976	19934328	2352
19942829	19945122	2293
19947000	19947436	436
19949376	19949954	578
19950574	19952928	2354
19953498	19956008	2510
19956280	19961075	4795
19962125	19965746	3621
19965757	19968050	2293
19968448	19968947	499
19969305	19973810	4505
19974127	19979537	5410
19979602	19986159	6557
19986733	19994555	7822
19994610	20001815	7205
20001921	20003882	1961
20010690	20014153	3463
20014161	20021074	6913
20022703	20025573	2870
20026152	20026650	498
20045191	20046835	1644
20046907	20049026	2119
20050012	20061183	11171
20061188	20061964	776
20063751	20063890	139
20072363	20072446	83
20072610	20072692	82
20072846	20072928	82
20073085	20073167	82
20073348	20073445	97
20073585	20073675	90
20074226	20082813	8587
20083021	20084550	1529
20089614	20095726	6112
20100014	20117318	17304
20125000	20126000	1000
20138792	20138907	115
20142850	20144937	2087
20145536	20152736	7200
20154900	20156702	1802
20163257	20178607	15350
20181754	20181854	100
20193404	20200622	7218
20212550	20217800	5250
20219045	20221830	2785
20222308	20223499	1191
20238492	20238912	420
20239000	20257212	18212
20261586	20261659	73
20266153	20277817	11664
20278300	20279500	1200
20287551	20292050	4499
20292118	20298597	6479
20299393	20302818	3425
20311449	20312625	1176
20317101	20318222	1121
20318867	20320256	1389
20333023	20334362	1339
20338607	20340563	1956
20360235	20361749	1514
20361822	20362784	962
20362909	20363555	646
20379737	20380378	641
20380779	20381471	692
20382041	20384547	2506
20385606	20386192	586
20386766	20387790	1024
20388303	20389800	1497
20394393	20395229	836
20397031	20402843	5812
20403208	20404981	1773
20405347	20406675	1328
20406946	20408670	1724
20408892	20409352	460
20409397	20413612	4215
20417077	20418795	1718
20423713	20424314	601
20424944	20446484	21540
20446490	20448610	2120
20449130	20452581	3451
20459150	20462026	2876
20465089	20465666	577
20465770	20467350	1580
20468768	20485385	16617
20486611	20487344	733
20487470	20489890	2420
20489995	20491011	1016
20492118	20494546	2428
20495196	20496311	1115
20499226	20501429	2203
20516150	20516267	117
20518586	20520446	1860
20528206	20529762	1556
20549026	20549932	906
20550205	20550929	724
20551055	20551900	845
20552950	20553545	595
20553681	20555866	2185
20555934	20556853	919
20558817	20575707	16890
20578945	20581909	2964
20582901	20624180	41279
20626300	20626900	600
20631272	20644499	13227
20644901	20647989	3088
20650089	20650617	528
20654241	20655695	1454
20655837	20662788	6951
20667502	20667951	449
20669249	20671023	1774
20673037	20674934	1897
20675531	20680933	5402
20682193	20683005	812
20683263	20684937	1674
20685448	20686136	688
20686321	20688299	1978
20696848	20697630	782
20702345	20723190	20845
20736517	20737723	1206
20746783	20747700	917
20758930	20762435	3505
20762499	20763388	889
20769093	20776138	7045
20776151	20778546	2395
20785796	20787028	1232
20790939	20791458	519
20809028	20815798	6770
20816270	20825000	8730
20827229	20828006	777
20828148	20829936	1788
20834084	20835901	1817
20836168	20843200	7032
20843300	20844882	1582
20847364	20852599	5235
20852798	20854821	2023
20855400	20857070	1670
20858366	20860730	2364
20860954	20862864	1910
20862900	20863410	510
20873567	20878012	4445
20878093	20899488	21395
20899585	20919260	19675
20919900	20927900	8000
20927906	20939854	11948
20949487	20952166	2679
20963528	20963599	71
20964288	20964359	71
20964571	20964642	71
20973303	21016954	53847
21016955	21017508	553
21026150	21027150	1000
21055182	21057378	2196
21059768	21060218	450
21061091	21061753	662
21062649	21064238	1589